1	0	0	0	0	0
2	0.5	0	0	0	0
3	1	0	0	0	0
4	1.5	0	0	0	0
5	2	0	0	0	0
6	2.5	0	0	0	0
7	3	0	0	0	0
8	3.5	0	0	0	0
9	4	0	0	0	0
10	4.5	0	0	0	0
11	5	0	0	0	0
12	5.5	0	0	0	0
13	6	0	0	0	0
14	6.5	0	0	0	0
15	7	0	0	0	0
16	7.5	0	0	0	0
17	8	0	0	0	0
18	8.5	0	0	0	0
19	9	0	0	0	0
20	9.5	0	0	0	0
21	10	0	0	0	0
22	10.5	0	0	0	0
23	11	0	0	0	0
24	11.5	0	0	0	0
25	12	0	0	0	0
26	12.5	0	0	0	0
27	13	0	0	0	0
28	13.5	0	0	0	0
29	14	0	0	0	0
30	14.5	0	0	0	0
31	15	0	0	0	0
32	15.5	0	0	0	0
33	16	0	0	0	0
34	16.5	0	0	0	0
35	17	0	0	0	0
36	17.5	0	0	0	0
37	18	0	0	0	0
38	18.5	0	0	0	0
39	19	0	0	0	0
40	19.5	0	0	0	0
41	20	0	0	0	0
42	20	0.5	0	0	0
43	20	1	0	0	0
44	20	1.5	0	0	0
45	20	2	0	0	0
46	20	2.5	0	0	0
47	20	3	0	0	0
48	20	3.5	0	0	0
49	20	4	0	0	0
50	20	4.5	0	0	0
51	20	5	0	0	0
52	19.5	5	0	0	0
53	19	5	0	0	0
54	18.5	5	0	0	0
55	18	5	0	0	0
56	17.5	5	0	0	0
57	17	5	0	0	0
58	16.5	5	0	0	0
59	16	5	0	0	0
60	15.5	5	0	0	0
61	15	5	0	0	0
62	14.5528	5.2236	0	0	0
63	14.1056	5.4472	0	0	0
64	13.6584	5.6708	0	0	0
65	13.2111	5.8944	0	0	0
66	12.7639	6.118	0	0	0
67	12.3167	6.3416	0	0	0
68	11.8695	6.5652	0	0	0
69	11.4223	6.7889	0	0	0
70	10.9751	7.0125	0	0	0
71	10.5279	7.2361	0	0	0
72	10.0806	7.4597	0	0	0
73	9.6334	7.6833	0	0	0
74	9.1862	7.9069	0	0	0
75	8.739	8.1305	0	0	0
76	8.2918	8.3541	0	0	0
77	7.8446	8.5777	0	0	0
78	7.3974	8.8013	0	0	0
79	6.9502	9.0249	0	0	0
80	6.5029	9.2485	0	0	0
81	6.0557	9.4721	0	0	0
82	5.6085	9.6957	0	0	0
83	5.1613	9.9194	0	0	0
84	5	10	0	0	0
85	4.5	10	0	0	0
86	4	10	0	0	0
87	3.5	10	0	0	0
88	3	10	0	0	0
89	2.5	10	0	0	0
90	2	10	0	0	0
91	1.5	10	0	0	0
92	1	10	0	0	0
93	0.5	10	0	0	0
94	0	10	0	0	0
95	0	9.5	0	0	0
96	0	9	0	0	0
97	0	8.5	0	0	0
98	0	8	0	0	0
99	0	7.5	0	0	0
100	0	7	0	0	0
101	0	6.5	0	0	0
102	0	6	0	0	0
103	0	5.5	0	0	0
104	0	5	0	0	0
105	0	4.5	0	0	0
106	0	4	0	0	0
107	0	3.5	0	0	0
108	0	3	0	0	0
109	0	2.5	0	0	0
110	0	2	0	0	0
111	0	1.5	0	0	0
112	0	1	0	0	0
113	0	0.5	0	0	0
114	5	0.125	0	0	0
115	5	0.25	0	0	0
116	5	0.375	0	0	0
117	5	0.5	0	0	0
118	5	0.625	0	0	0
119	5	0.75	0	0	0
120	5	0.875	0	0	0
121	5	1	0	0	0
122	5	1.125	0	0	0
123	5	1.25	0	0	0
124	5	1.375	0	0	0
125	5	1.5	0	0	0
126	5	1.625	0	0	0
127	5	1.75	0	0	0
128	5	1.875	0	0	0
129	5	2	0	0	0
130	5	2.125	0	0	0
131	5	2.25	0	0	0
132	5	2.375	0	0	0
133	5	2.5	0	0	0
134	5	2.625	0	0	0
135	5	2.75	0	0	0
136	5	2.875	0	0	0
137	5	3	0	0	0
138	5	3.125	0	0	0
139	5	3.25	0	0	0
140	5	3.375	0	0	0
141	5	3.5	0	0	0
142	5	3.625	0	0	0
143	5	3.75	0	0	0
144	5	3.875	0	0	0
145	5	4	0	0	0
146	5	4.125	0	0	0
147	5	4.25	0	0	0
148	5	4.375	0	0	0
149	5	4.5	0	0	0
150	5	4.625	0	0	0
151	5	4.75	0	0	0
152	5	4.875	0	0	0
153	5	5	0	0	0
154	5	5.125	0	0	0
155	5	5.25	0	0	0
156	5	5.375	0	0	0
157	5	5.5	0	0	0
158	5	5.625	0	0	0
159	5	5.75	0	0	0
160	5	5.875	0	0	0
161	5	6	0	0	0
162	5	6.125	0	0	0
163	5	6.25	0	0	0
164	5	6.375	0	0	0
165	5	6.5	0	0	0
166	5	6.625	0	0	0
167	5	6.75	0	0	0
168	5	6.875	0	0	0
169	5	7	0	0	0
170	5	7.125	0	0	0
171	5	7.25	0	0	0
172	5	7.375	0	0	0
173	5	7.5	0	0	0
174	5	7.625	0	0	0
175	5	7.75	0	0	0
176	5	7.875	0	0	0
177	5	8	0	0	0
178	5	8.125	0	0	0
179	5	8.25	0	0	0
180	5	8.375	0	0	0
181	5	8.5	0	0	0
182	5	8.625	0	0	0
183	5	8.75	0	0	0
184	5	8.875	0	0	0
185	5	9	0	0	0
186	5	9.125	0	0	0
187	5	9.25	0	0	0
188	5	9.375	0	0	0
189	5	9.5	0	0	0
190	5	9.625	0	0	0
191	5	9.75	0	0	0
192	5	9.875	0	0	0
193	15	0.125	0	0	0
194	15	0.25	0	0	0
195	15	0.375	0	0	0
196	15	0.5	0	0	0
197	15	0.625	0	0	0
198	15	0.75	0	0	0
199	15	0.875	0	0	0
200	15	1	0	0	0
201	15	1.125	0	0	0
202	15	1.25	0	0	0
203	15	1.375	0	0	0
204	15	1.5	0	0	0
205	15	1.625	0	0	0
206	15	1.75	0	0	0
207	15	1.875	0	0	0
208	15	2	0	0	0
209	15	2.125	0	0	0
210	15	2.25	0	0	0
211	15	2.375	0	0	0
212	15	2.5	0	0	0
213	15	2.625	0	0	0
214	15	2.75	0	0	0
215	15	2.875	0	0	0
216	15	3	0	0	0
217	15	3.125	0	0	0
218	15	3.25	0	0	0
219	15	3.375	0	0	0
220	15	3.5	0	0	0
221	15	3.625	0	0	0
222	15	3.75	0	0	0
223	15	3.875	0	0	0
224	15	4	0	0	0
225	15	4.125	0	0	0
226	15	4.25	0	0	0
227	15	4.375	0	0	0
228	15	4.5	0	0	0
229	15	4.625	0	0	0
230	15	4.75	0	0	0
231	15	4.875	0	0	0
232	18	0.125	0	0	0
233	18	0.25	0	0	0
234	18	0.375	0	0	0
235	18	0.5	0	0	0
236	18	0.625	0	0	0
237	18	0.75	0	0	0
238	18	0.875	0	0	0
239	18	1	0	0	0
240	18	1.125	0	0	0
241	18	1.25	0	0	0
242	18	1.375	0	0	0
243	18	1.5	0	0	0
244	18	1.625	0	0	0
245	18	1.75	0	0	0
246	18	1.875	0	0	0
247	18	2	0	0	0
248	18	2.125	0	0	0
249	18	2.25	0	0	0
250	18	2.375	0	0	0
251	18	2.5	0	0	0
252	18	2.625	0	0	0
253	18	2.75	0	0	0
254	18	2.875	0	0	0
255	18	3	0	0	0
256	18	3.125	0	0	0
257	18	3.25	0	0	0
258	18	3.375	0	0	0
259	18	3.5	0	0	0
260	18	3.625	0	0	0
261	18	3.75	0	0	0
262	18	3.875	0	0	0
263	18	4	0	0	0
264	18	4.125	0	0	0
265	18	4.25	0	0	0
266	18	4.375	0	0	0
267	18	4.5	0	0	0
268	18	4.625	0	0	0
269	18	4.75	0	0	0
270	18	4.875	0	0	0
271	4.75	0	0	0	0
272	5.25	0	0	0	0
273	4.778409483	0.4375	0	0	0
274	4.778409483	1.1875	0	0	0
275	5.221590517	0.9375	0	0	0
276	5.221590517	1.9375	0	0	0
277	4.778409483	2.1875	0	0	0
278	5.221590517	3.1875	0	0	0
279	4.778409483	3.4375	0	0	0
280	5.221590517	4.5625	0	0	0
281	4.778409483	4.6875	0	0	0
282	5.221590517	5.8125	0	0	0
283	4.778409483	5.9375	0	0	0
284	5.221590517	6.9375	0	0	0
285	4.778409483	7.1875	0	0	0
286	5.221590517	7.9375	0	0	0
287	4.778409483	8.1875	0	0	0
288	5.221590517	8.5625	0	0	0
289	4.778409483	9.0625	0	0	0
290	5.221590517	9.0625	0	0	0
291	4.778409483	9.5625	0	0	0
292	5.221590517	9.5625	0	0	0
293	4.75	10	0	0	0
294	14.75	0	0	0	0
295	15.25	0	0	0	0
296	14.77840948	0.4375	0	0	0
297	15.22159052	0.5625	0	0	0
298	14.77840948	1.3125	0	0	0
299	15.22159052	1.3125	0	0	0
300	14.77840948	2.3125	0	0	0
301	15.22159052	2.3125	0	0	0
302	17.75	0	0	0	0
303	18.25	0	0	0	0
304	17.77840948	0.4375	0	0	0
305	18.22159052	0.8125	0	0	0
306	17.77840948	1.1875	0	0	0
307	18.22159052	1.6875	0	0	0
308	18.22159052	2.4375	0	0	0
309	15.22159052	3.1875	0	0	0
310	14.77840948	3.4375	0	0	0
311	15.22159052	3.9375	0	0	0
312	14.77840948	4.1875	0	0	0
313	15.22159052	4.4375	0	0	0
314	14.77840948	4.8125	0	0	0
315	15.25	5	0	0	0
316	18.22159052	3.1875	0	0	0
317	17.77840948	3.8125	0	0	0
318	18.22159052	4.0625	0	0	0
319	17.77840948	4.4375	0	0	0
320	18.22159052	4.6875	0	0	0
321	17.75	5	0	0	0
322	4.8125	0.1875	0	0	0
323	4.875	0	0	0	0
324	4.862762387	0.5625	0	0	0
325	4.778409483	0.9375	0	0	0
326	4.862762387	1.0625	0	0	0
327	4.862762387	1.3125	0	0	0
328	5.137237613	1.0625	0	0	0
329	5.137237613	0.8125	0	0	0
330	5.137237613	2.0625	0	0	0
331	5.137237613	1.8125	0	0	0
332	4.778409483	1.8125	0	0	0
333	4.862762387	2.0625	0	0	0
334	4.862762387	2.3125	0	0	0
335	5.137237613	3.3125	0	0	0
336	5.137237613	3.0625	0	0	0
337	4.778409483	2.9375	0	0	0
338	4.778409483	3.1875	0	0	0
339	4.862762387	3.3125	0	0	0
340	4.862762387	3.5625	0	0	0
341	5.221590517	5.1875	0	0	0
342	5.221590517	4.8125	0	0	0
343	5.137237613	4.6875	0	0	0
344	5.137237613	4.4375	0	0	0
345	4.778409483	4.1875	0	0	0
346	4.778409483	4.4375	0	0	0
347	4.862762387	4.5625	0	0	0
348	4.862762387	4.8125	0	0	0
349	5.221590517	6.3125	0	0	0
350	5.221590517	6.0625	0	0	0
351	5.137237613	5.9375	0	0	0
352	5.137237613	5.6875	0	0	0
353	4.778409483	5.4375	0	0	0
354	4.778409483	5.6875	0	0	0
355	4.862762387	5.8125	0	0	0
356	4.862762387	6.0625	0	0	0
357	5.221590517	7.4375	0	0	0
358	5.221590517	7.1875	0	0	0
359	5.137237613	7.0625	0	0	0
360	5.137237613	6.8125	0	0	0
361	4.778409483	6.6875	0	0	0
362	4.778409483	6.9375	0	0	0
363	4.862762387	7.0625	0	0	0
364	4.862762387	7.3125	0	0	0
365	5.221590517	8.1875	0	0	0
366	5.137237613	8.0625	0	0	0
367	5.137237613	7.8125	0	0	0
368	4.862762387	8.3125	0	0	0
369	4.778409483	7.8125	0	0	0
370	4.862762387	8.0625	0	0	0
371	5.221590517	8.8125	0	0	0
372	5.137237613	8.6875	0	0	0
373	5.137237613	8.4375	0	0	0
374	4.862762387	8.9375	0	0	0
375	4.862762387	9.1875	0	0	0
376	5.221590517	9.3125	0	0	0
377	5.137237613	9.1875	0	0	0
378	5.137237613	8.9375	0	0	0
379	4.862762387	9.6875	0	0	0
380	4.862762387	9.4375	0	0	0
381	5.137237613	9.6875	0	0	0
382	5.137237613	9.4375	0	0	0
383	4.875	10	0	0	0
384	14.8125	0.1875	0	0	0
385	14.875	0	0	0	0
386	15.1875	0.1875	0	0	0
387	15.125	0	0	0	0
388	14.86276239	0.5625	0	0	0
389	15.13723761	0.6875	0	0	0
390	15.13723761	0.4375	0	0	0
391	14.77840948	0.9375	0	0	0
392	14.86276239	1.1875	0	0	0
393	14.86276239	1.4375	0	0	0
394	15.13723761	1.4375	0	0	0
395	15.13723761	1.1875	0	0	0
396	14.77840948	1.9375	0	0	0
397	14.86276239	2.1875	0	0	0
398	14.86276239	2.4375	0	0	0
399	17.77840948	2.3125	0	0	0
400	15.22159052	2.6875	0	0	0
401	15.13723761	2.4375	0	0	0
402	15.13723761	2.1875	0	0	0
403	17.8125	0.1875	0	0	0
404	17.875	0	0	0	0
405	17.86276239	0.5625	0	0	0
406	18.13723761	0.9375	0	0	0
407	18.13723761	0.6875	0	0	0
408	17.77840948	0.9375	0	0	0
409	17.86276239	1.0625	0	0	0
410	17.86276239	1.3125	0	0	0
411	18.22159052	2.0625	0	0	0
412	18.13723761	1.8125	0	0	0
413	18.13723761	1.5625	0	0	0
414	18.22159052	2.8125	0	0	0
415	18.13723761	2.5625	0	0	0
416	18.13723761	2.3125	0	0	0
417	15.22159052	3.5625	0	0	0
418	15.13723761	3.3125	0	0	0
419	15.13723761	3.0625	0	0	0
420	14.86276239	3.5625	0	0	0
421	14.77840948	2.9375	0	0	0
422	14.77840948	3.1875	0	0	0
423	14.86276239	3.3125	0	0	0
424	15.22159052	4.1875	0	0	0
425	15.13723761	4.0625	0	0	0
426	15.13723761	3.8125	0	0	0
427	14.86276239	4.3125	0	0	0
428	14.77840948	3.9375	0	0	0
429	14.86276239	4.0625	0	0	0
430	15.22159052	4.6875	0	0	0
431	15.13723761	4.5625	0	0	0
432	15.13723761	4.3125	0	0	0
433	14.86276239	4.6875	0	0	0
434	14.7764	5.1118	0	0	0
435	15.125	5	0	0	0
436	18.22159052	3.5625	0	0	0
437	18.13723761	3.3125	0	0	0
438	18.13723761	3.0625	0	0	0
439	17.86276239	3.6875	0	0	0
440	17.86276239	3.9375	0	0	0
441	17.77840948	3.0625	0	0	0
442	18.22159052	4.3125	0	0	0
443	18.13723761	4.1875	0	0	0
444	18.13723761	3.9375	0	0	0
445	17.86276239	4.5625	0	0	0
446	17.77840948	4.1875	0	0	0
447	17.86276239	4.3125	0	0	0
448	18.25	5	0	0	0
449	18.13723761	4.8125	0	0	0
450	18.13723761	4.5625	0	0	0
451	4.875	0.3125	0	0	0
452	5.221590517	0.4375	0	0	0
453	5.1875	0.1875	0	0	0
454	5.125	0	0	0	0
455	4.888686083	0.6875	0	0	0
456	4.888686083	1.4375	0	0	0
457	5.111313917	1.1875	0	0	0
458	5.111313917	0.6875	0	0	0
459	5.111313917	2.1875	0	0	0
460	5.111313917	1.6875	0	0	0
461	4.862762387	1.6875	0	0	0
462	4.888686083	1.9375	0	0	0
463	4.888686083	2.4375	0	0	0
464	5.111313917	3.4375	0	0	0
465	5.111313917	2.9375	0	0	0
466	4.778409483	2.6875	0	0	0
467	4.862762387	2.8125	0	0	0
468	4.862762387	3.0625	0	0	0
469	4.888686083	3.6875	0	0	0
470	5.221590517	5.4375	0	0	0
471	5.137237613	5.3125	0	0	0
472	5.137237613	5.0625	0	0	0
473	5.111313917	4.3125	0	0	0
474	4.778409483	3.9375	0	0	0
475	4.862762387	4.0625	0	0	0
476	4.862762387	4.3125	0	0	0
477	4.888686083	4.9375	0	0	0
478	5.221590517	6.5625	0	0	0
479	5.137237613	6.4375	0	0	0
480	5.137237613	6.1875	0	0	0
481	5.111313917	5.5625	0	0	0
482	4.778409483	5.1875	0	0	0
483	4.862762387	5.3125	0	0	0
484	4.862762387	5.5625	0	0	0
485	4.888686083	6.1875	0	0	0
486	5.137237613	7.5625	0	0	0
487	5.137237613	7.3125	0	0	0
488	5.111313917	6.6875	0	0	0
489	4.778409483	6.4375	0	0	0
490	4.862762387	6.5625	0	0	0
491	4.862762387	6.8125	0	0	0
492	4.888686083	7.4375	0	0	0
493	5.111313917	7.6875	0	0	0
494	4.888686083	8.4375	0	0	0
495	4.862762387	7.6875	0	0	0
496	4.888686083	7.9375	0	0	0
497	5.111313917	8.3125	0	0	0
498	4.888686083	8.8125	0	0	0
499	4.888686083	9.3125	0	0	0
500	4.888686083	9.8125	0	0	0
501	14.875	0.3125	0	0	0
502	14.88868608	0.6875	0	0	0
503	15.11131392	0.8125	0	0	0
504	15.11131392	0.3125	0	0	0
505	14.88868608	1.0625	0	0	0
506	14.88868608	1.5625	0	0	0
507	15.11131392	1.5625	0	0	0
508	15.11131392	1.0625	0	0	0
509	14.86276239	1.8125	0	0	0
510	14.88868608	2.0625	0	0	0
511	14.88868608	2.5625	0	0	0
512	17.77840948	1.8125	0	0	0
513	17.77840948	2.0625	0	0	0
514	17.86276239	2.1875	0	0	0
515	17.86276239	2.4375	0	0	0
516	15.13723761	2.8125	0	0	0
517	15.11131392	2.5625	0	0	0
518	15.11131392	2.0625	0	0	0
519	17.875	0.3125	0	0	0
520	18.22159052	0.3125	0	0	0
521	18.125	0	0	0	0
522	17.88868608	0.6875	0	0	0
523	18.11131392	1.0625	0	0	0
524	18.11131392	0.5625	0	0	0
525	17.88868608	1.4375	0	0	0
526	18.11131392	1.9375	0	0	0
527	18.11131392	1.4375	0	0	0
528	18.11131392	2.6875	0	0	0
529	18.11131392	2.1875	0	0	0
530	15.11131392	3.4375	0	0	0
531	15.11131392	2.9375	0	0	0
532	14.88868608	3.6875	0	0	0
533	14.86276239	2.8125	0	0	0
534	14.86276239	3.0625	0	0	0
535	15.11131392	3.6875	0	0	0
536	14.88868608	4.4375	0	0	0
537	15.13723761	4.8125	0	0	0
538	18.13723761	3.6875	0	0	0
539	18.11131392	3.4375	0	0	0
540	18.11131392	2.9375	0	0	0
541	17.88868608	3.5625	0	0	0
542	17.88868608	4.0625	0	0	0
543	17.77840948	2.8125	0	0	0
544	17.86276239	2.9375	0	0	0
545	17.86276239	3.1875	0	0	0
546	18.11131392	3.8125	0	0	0
547	17.88868608	4.6875	0	0	0
548	18.125	5	0	0	0
549	18.11131392	4.4375	0	0	0
550	17.875	5	0	0	0
551	4.735186582	0.304281709	0	0	0
552	5.125	0.3125	0	0	0
553	4.891704745	0.8125	0	0	0
554	4.654133719	0.670955562	0	0	0
555	4.891704745	1.5625	0	0	0
556	4.654133719	1.420955562	0	0	0
557	5.221590517	1.4375	0	0	0
558	5.108295255	1.3125	0	0	0
559	5.108295255	0.5625	0	0	0
560	5.345866281	0.704044438	0	0	0
561	5.221590517	2.5625	0	0	0
562	5.108295255	2.3125	0	0	0
563	5.345866281	2.170955562	0	0	0
564	5.108295255	1.5625	0	0	0
565	4.726854693	1.96912601	0	0	0
566	4.891704745	2.5625	0	0	0
567	5.221590517	3.8125	0	0	0
568	5.108295255	3.5625	0	0	0
569	5.345866281	3.420955562	0	0	0
570	5.108295255	2.8125	0	0	0
571	5.345866281	2.954044438	0	0	0
572	4.654133719	2.420955562	0	0	0
573	4.891704745	3.8125	0	0	0
574	5.111313917	4.9375	0	0	0
575	5.108295255	4.1875	0	0	0
576	5.345866281	4.329044438	0	0	0
577	4.654133719	3.670955562	0	0	0
578	4.891704745	5.0625	0	0	0
579	5.273145307	5.59412601	0	0	0
580	4.654133719	4.920955562	0	0	0
581	4.891704745	6.3125	0	0	0
582	5.273145307	6.71912601	0	0	0
583	4.654133719	6.170955562	0	0	0
584	4.891704745	7.5625	0	0	0
585	4.654133719	7.420955562	0	0	0
586	5.345866281	7.704044438	0	0	0
587	4.891704745	8.5625	0	0	0
588	4.654133719	8.420955562	0	0	0
589	4.726854693	7.96912601	0	0	0
590	5.273145307	8.34412601	0	0	0
591	4.654133719	8.829044438	0	0	0
592	4.654133719	9.295955562	0	0	0
593	4.666703445	9.793348732	0	0	0
594	14.73518658	0.304281709	0	0	0
595	14.89170474	0.8125	0	0	0
596	14.65413372	0.670955562	0	0	0
597	15.10829526	0.9375	0	0	0
598	15.34586628	0.795955562	0	0	0
599	15.29604822	0.339376185	0	0	0
600	14.72685469	1.09412601	0	0	0
601	14.89170474	1.6875	0	0	0
602	14.65413372	1.545955562	0	0	0
603	15.22159052	1.8125	0	0	0
604	15.10829526	1.6875	0	0	0
605	14.72685469	2.09412601	0	0	0
606	14.89170474	2.6875	0	0	0
607	14.65413372	2.545955562	0	0	0
608	17.86276239	1.6875	0	0	0
609	17.86276239	1.9375	0	0	0
610	17.88868608	2.5625	0	0	0
611	15.27314531	2.53087399	0	0	0
612	15.10829526	1.9375	0	0	0
613	17.73518658	0.304281709	0	0	0
614	18.13723761	0.1875	0	0	0
615	17.89170474	0.8125	0	0	0
616	17.65413372	0.670955562	0	0	0
617	18.10829526	1.1875	0	0	0
618	18.34586628	1.045955562	0	0	0
619	18.10829526	0.4375	0	0	0
620	18.34586628	0.579044438	0	0	0
621	17.89170474	1.5625	0	0	0
622	17.65413372	1.420955562	0	0	0
623	18.27314531	1.90587399	0	0	0
624	18.34586628	1.454044438	0	0	0
625	18.27314531	2.65587399	0	0	0
626	18.27314531	2.21912601	0	0	0
627	15.27314531	3.40587399	0	0	0
628	15.34586628	2.954044438	0	0	0
629	14.89170474	3.8125	0	0	0
630	14.65413372	3.670955562	0	0	0
631	15.27314531	3.71912601	0	0	0
632	14.89170474	4.5625	0	0	0
633	14.65413372	4.420955562	0	0	0
634	18.27314531	3.40587399	0	0	0
635	18.27314531	2.96912601	0	0	0
636	17.89170474	3.4375	0	0	0
637	17.65413372	3.579044438	0	0	0
638	17.72685469	4.03087399	0	0	0
639	18.34586628	3.829044438	0	0	0
640	17.89170474	4.8125	0	0	0
641	17.65413372	4.670955562	0	0	0
642	18.27314531	4.46912601	0	0	0
643	4.624348024	0.146919961	0	0	0
644	5.264813418	0.304281709	0	0	0
645	4.766206694	0.75299424	0	0	0
646	4.520638753	0.447513135	0	0	0
647	4.766206694	1.50299424	0	0	0
648	5.345866281	1.704044438	0	0	0
649	5.345866281	1.170955562	0	0	0
650	5.233793306	0.62200576	0	0	0
651	5.108253184	2.4375	0	0	0
652	5.233793306	2.25299424	0	0	0
653	5.137237613	3.9375	0	0	0
654	5.108253184	3.6875	0	0	0
655	5.233793306	3.50299424	0	0	0
656	5.108253184	2.6875	0	0	0
657	5.233793306	2.87200576	0	0	0
658	4.766206694	2.50299424	0	0	0
659	5.273145307	4.96912601	0	0	0
660	5.108253184	4.0625	0	0	0
661	5.233793306	4.24700576	0	0	0
662	4.766206694	3.75299424	0	0	0
663	4.766206694	5.00299424	0	0	0
664	4.766206694	6.25299424	0	0	0
665	4.766206694	7.50299424	0	0	0
666	4.891746816	8.6875	0	0	0
667	4.766206694	8.50299424	0	0	0
668	14.62434802	0.146919961	0	0	0
669	14.76620669	0.75299424	0	0	0
670	14.52063875	0.447513135	0	0	0
671	15.34586628	1.079044438	0	0	0
672	15.23379331	0.87799424	0	0	0
673	14.76620669	1.62799424	0	0	0
674	15.34586628	2.079044438	0	0	0
675	15.34586628	1.545955562	0	0	0
676	14.76620669	2.62799424	0	0	0
677	17.89170474	2.6875	0	0	0
678	17.65413372	2.545955562	0	0	0
679	17.62434802	0.146919961	0	0	0
680	17.76620669	0.75299424	0	0	0
681	17.52063875	0.447513135	0	0	0
682	18.10825318	1.3125	0	0	0
683	18.23379331	1.12799424	0	0	0
684	18.23379331	0.49700576	0	0	0
685	17.76620669	1.50299424	0	0	0
686	14.76620669	3.75299424	0	0	0
687	14.76620669	4.50299424	0	0	0
688	17.89174682	3.3125	0	0	0
689	17.76620669	3.49700576	0	0	0
690	17.76620669	4.75299424	0	0	0
691	5.375651977	0.146919961	0	0	0
692	5.479361247	0.447513135	0	0	0
693	4.604488711	0.85634631	0	0	0
694	4.564738262	1.660649368	0	0	0
695	5.233793306	1.62200576	0	0	0
696	5.233793306	1.25299424	0	0	0
697	5.435261738	2.410649368	0	0	0
698	5.435261738	3.660649368	0	0	0
699	5.435261738	2.714350632	0	0	0
700	4.604488711	2.60634631	0	0	0
701	5.328384036	4.047682548	0	0	0
702	4.604488711	3.85634631	0	0	0
703	4.604488711	5.10634631	0	0	0
704	4.604488711	6.35634631	0	0	0
705	4.564738262	7.660649368	0	0	0
706	4.766203709	8.746963441	0	0	0
707	14.60448871	0.85634631	0	0	0
708	15.3634153	0.9375	0	0	0
709	14.56473826	1.785649368	0	0	0
710	15.23379331	1.99700576	0	0	0
711	15.23379331	1.62799424	0	0	0
712	14.56473826	2.785649368	0	0	0
713	17.76620669	2.62799424	0	0	0
714	17.60448871	0.85634631	0	0	0
715	18.23379629	1.371963441	0	0	0
716	18.39551129	0.39365369	0	0	0
717	17.56473826	1.660649368	0	0	0
718	14.60448871	3.85634631	0	0	0
719	14.56473826	4.660649368	0	0	0
720	17.56473826	3.339350632	0	0	0
721	17.60886224	4.850371636	0	0	0
722	5.369947737	0.553576039	0	0	0
723	5.395511289	1.51865369	0	0	0
724	5.364005825	4.18669328	0	0	0
725	4.590783266	8.625	0	0	0
726	15.60556003	0.835618218	0	0	0
727	15.39551129	1.89365369	0	0	0
728	17.60448871	2.73134631	0	0	0
729	18.40914894	1.249976695	0	0	0
730	17.72490887	3.285325232	0	0	0
731	5.385513226	1.342687964	0	0	0
732	5.592622609	4.054040309	0	0	0
733	15.54566286	1.031955589	0	0	0
734	15.38551323	1.717687964	0	0	0
735	5.574319665	4.285824505	0	0	0
736	5.3849	9.80755	0	0	0
737	14.86276239	4.9375	0	0	0
738	18.30853944	4.837136801	0	0	0
739	15.30853944	4.837136801	0	0	0
740	5.525022619	5.424420585	0	0	0
741	5.525022619	6.549420585	0	0	0
742	5.525022619	8.174420585	0	0	0
743	18.30853944	0.162863199	0	0	0
744	18.48528671	2.0625	0	0	0
745	15.52502262	2.700579415	0	0	0
746	15.48528671	3.5625	0	0	0
747	18.48528671	2.8125	0	0	0
748	18.52502262	3.575579415	0	0	0
749	17.47497738	4.200579415	0	0	0
750	18.52502262	4.299420585	0	0	0
751	4.59810771	1.839949985	0	0	0
752	4.59810771	7.839949985	0	0	0
753	14.59810771	1.964949985	0	0	0
754	5.58408142	0.665007931	0	0	0
755	17.58460369	3.133802389	0	0	0
756	15.67012393	1.561538668	0	0	0
757	5.525022619	4.799420585	0	0	0
758	14.69228785	4.96157853	0	0	0
759	18.48513119	4.634445312	0	0	0
760	15.53032975	4.60818195	0	0	0
761	5.702450946	1.412947019	0	0	0
762	15.61201963	1.793085167	0	0	0
763	5.581868178	1.206913803	0	0	0
764	15.3844005	0.161500841	0	0	0
765	4.37734968	0.229888966	0	0	0
766	14.37734968	0.229888966	0	0	0
767	17.37734968	0.229888966	0	0	0
768	5.622650321	0.229888966	0	0	0
769	4.614188792	1.0625	0	0	0
770	4.364105612	0.692632645	0	0	0
771	4.614188792	2.8125	0	0	0
772	4.614188792	4.0625	0	0	0
773	4.614188792	5.3125	0	0	0
774	4.614188792	6.5625	0	0	0
775	14.36410561	0.692632645	0	0	0
776	17.61418879	1.0625	0	0	0
777	17.36410561	0.692632645	0	0	0
778	18.69933544	0.574355966	0	0	0
779	14.61418879	4.0625	0	0	0
780	14.30066456	3.675644034	0	0	0
781	17.28918131	4.732203098	0	0	0
782	15.50633535	1.3125	0	0	0
783	17.30066456	2.550644034	0	0	0
784	4.433487745	2.132770882	0	0	0
785	4.433487745	8.132770882	0	0	0
786	14.43348775	2.257770882	0	0	0
787	17.61599272	2.933634004	0	0	0
788	15.92366344	1.039968057	0	0	0
789	5.622311811	1.678730134	0	0	0
790	15.59851886	2.04735872	0	0	0
791	15.72849669	0.285676436	0	0	0
792	4.350038116	0.971623942	0	0	0
793	4.553579607	3.0625	0	0	0
794	4.553579607	4.3125	0	0	0
795	4.553579607	5.5625	0	0	0
796	4.553579607	6.8125	0	0	0
797	17.35003812	0.971623942	0	0	0
798	14.32970805	3.972580525	0	0	0
799	17.47494374	4.721160773	0	0	0
800	17.21029065	3.201360583	0	0	0
801	4.336837266	2.43533057	0	0	0
802	4.263572456	1.809454502	0	0	0
803	4.263572456	7.809454502	0	0	0
804	14.26357246	1.934454502	0	0	0
805	17.32917656	2.848474141	0	0	0
806	15.51536521	0.337432554	0	0	0
807	4.300664561	3.675644034	0	0	0
808	4.300664561	4.925644034	0	0	0
809	4.300664561	6.175644034	0	0	0
810	17.36626138	4.460863069	0	0	0
811	4.342133561	2.721995872	0	0	0
812	4.329708051	3.972580525	0	0	0
813	4.329708051	5.222580525	0	0	0
814	4.329708051	6.472580525	0	0	0
815	14.43344238	1.278668858	0	0	0
816	18.56655762	1.721331142	0	0	0
817	15.56655762	3.221331142	0	0	0
818	17.43344238	3.846331142	0	0	0
819	4.260743993	8.839325095	0	0	0
820	5.994360575	4.202378476	0	0	0
821	5.503786987	5.138849663	0	0	0
822	5.583247261	5.782609029	0	0	0
823	5.583247261	6.907609029	0	0	0
824	5.583247261	8.532609029	0	0	0
825	18.57470512	2.405592359	0	0	0
826	15.57470512	3.905592359	0	0	0
827	18.57470512	3.155592359	0	0	0
828	5.503753196	4.538215153	0	0	0
829	5.50210379	0.937979667	0	0	0
830	6.007399617	1.096170427	0	0	0
831	5.733717311	0.459002787	0	0	0
832	18.7391808	1.035783433	0	0	0
833	16.05153985	1.780314804	0	0	0
834	4.33779506	8.434597243	0	0	0
835	15.53272465	2.354318594	0	0	0
836	15.68330328	0.564285503	0	0	0
837	18.64222574	1.43410128	0	0	0
838	5.66477155	9.1875	0	0	0
839	5.481006733	9.4375	0	0	0
840	5.503004859	3.1875	0	0	0
841	4.496995141	9.0625	0	0	0
842	4.25	9.627762972	0	0	0
843	18.50300486	0.8125	0	0	0
844	5.503004859	1.9375	0	0	0
845	14.52878143	3.0625	0	0	0
846	17.52878143	1.9375	0	0	0
847	5.563401005	6.1875	0	0	0
848	5.476724146	7.923509947	0	0	0
849	18.47672415	4.048509947	0	0	0
850	14.33082279	4.93729072	0	0	0
851	15.49224405	4.3125	0	0	0
852	14.47410986	3.425317444	0	0	0
853	17.47410986	2.300317444	0	0	0
854	14.33349603	2.562888756	0	0	0
855	4.395678584	1.268303384	0	0	0
856	3.86249726	0.807190503	0	0	0
857	4.561749058	3.3125	0	0	0
858	4.561749058	4.5625	0	0	0
859	4.561749058	5.8125	0	0	0
860	4.561749058	7.0625	0	0	0
861	17.39567858	1.268303384	0	0	0
862	16.86249726	0.807190503	0	0	0
863	14.21813878	4.394865474	0	0	0
864	4.252380125	7.407636021	0	0	0
865	16.84671033	4.459891379	0	0	0
866	3.831306914	2.588052091	0	0	0
867	14.33537664	0.993151599	0	0	0
868	14.35273119	1.570062643	0	0	0
869	17.35273119	3.554937357	0	0	0
870	6.020643268	5.243990207	0	0	0
871	5.700896105	7.376268683	0	0	0
872	5.834087449	4.494513807	0	0	0
873	5.7574206	1.008550011	0	0	0
874	6.133541521	1.687903155	0	0	0
875	5.888908603	0.242293297	0	0	0
876	15.83601522	1.932473507	0	0	0
877	16.199797	0.505096412	0	0	0
878	15.87496793	0.766005965	0	0	0
879	19.11357099	1.711854907	0	0	0
880	5.496065742	8.9375	0	0	0
881	5.8321	9.5839	0	0	0
882	5.638517984	3.448326322	0	0	0
883	5.638517984	2.926673678	0	0	0
884	4.505832492	9.527344558	0	0	0
885	5.638517984	2.198326322	0	0	0
886	18.60586003	3.822766541	0	0	0
887	14.2460919	2.885024502	0	0	0
888	4.12945706	0.820651339	0	0	0
889	4.114483299	3.201982183	0	0	0
890	4.114483299	4.451982183	0	0	0
891	4.114483299	5.701982183	0	0	0
892	17.05598005	1.735333135	0	0	0
893	17.12945706	0.820651339	0	0	0
894	4.114483299	6.951982183	0	0	0
895	17.10697335	4.199716697	0	0	0
896	17.10634882	4.533647374	0	0	0
897	4.105609778	2.582984199	0	0	0
898	5.747387589	5.264310052	0	0	0
899	5.646513194	7.673526805	0	0	0
900	5.449185706	7.3125	0	0	0
901	5.886981019	0.727676958	0	0	0
902	5.8792203	1.611220019	0	0	0
903	6.25	0.261239251	0	0	0
904	16.21351294	2.238459856	0	0	0
905	15.84864239	2.261501698	0	0	0
906	15.93320295	0.461851971	0	0	0
907	16.20810679	0.848100799	0	0	0
908	18.83872791	1.639449977	0	0	0
909	5.753257503	3.761615972	0	0	0
910	5.821771684	3.1875	0	0	0
911	5.806411352	2.5625	0	0	0
912	4.268715255	9.299346207	0	0	0
913	19.00363591	3.555870545	0	0	0
914	18.84284169	4.108138854	0	0	0
915	4.052861095	1.169191288	0	0	0
916	4.015563946	0.425469217	0	0	0
917	17.3208915	1.769739332	0	0	0
918	17.0528611	1.169191288	0	0	0
919	17.01556395	0.425469217	0	0	0
920	16.90914508	4.733978692	0	0	0
921	4.082589616	2.892876794	0	0	0
922	3.960420069	2.150441329	0	0	0
923	5.738094531	4.983129778	0	0	0
924	5.909799306	5.600884614	0	0	0
925	5.835514862	7.984549215	0	0	0
926	5.999520322	0.485428222	0	0	0
927	5.962996266	1.358594514	0	0	0
928	5.91066469	1.967006432	0	0	0
929	16.10423705	0.25083204	0	0	0
930	18.98184181	1.305808764	0	0	0
931	18.88162558	2.03445718	0	0	0
932	17.24227178	2.079854809	0	0	0
933	17.22141551	1.498607838	0	0	0
934	16.57400029	4.666167107	0	0	0
935	6.330765186	0.786576701	0	0	0
936	6.450403452	1.306097362	0	0	0
937	16.40251406	0.283820152	0	0	0
938	16.90419727	1.453089813	0	0	0
939	18.68134819	0.258830035	0	0	0
940	15.79604659	1.300341586	0	0	0
941	16.25519289	1.363921728	0	0	0
942	15.94099353	1.531172347	0	0	0
943	15.61653598	2.95531261	0	0	0
944	15.96523639	2.686236583	0	0	0
945	16.06312427	3.176919725	0	0	0
946	3.991526747	8.158731791	0	0	0
947	13.99370059	2.282589351	0	0	0
948	4.315526217	1.535437013	0	0	0
949	3.853181523	1.589710348	0	0	0
950	14.40820687	4.219201193	0	0	0
951	13.78879982	3.875598374	0	0	0
952	13.81700392	0.791963575	0	0	0
953	13.92336995	1.294262077	0	0	0
954	6.432099363	4.63256618	0	0	0
955	5.93841518	8.820915622	0	0	0
956	14.24234716	3.204866168	0	0	0
957	3.788799821	3.875598374	0	0	0
958	3.788799821	5.125598374	0	0	0
959	3.788799821	6.375598374	0	0	0
960	17.03007585	3.801182182	0	0	0
961	16.78694994	2.750103003	0	0	0
962	16.52537226	0.668811725	0	0	0
963	5.840815001	4.000045411	0	0	0
964	6.276268497	3.829017999	0	0	0
965	6.014011036	3.801151901	0	0	0
966	5.922993514	3.5217957	0	0	0
967	5.99566167	2.870537635	0	0	0
968	3.684879043	9.430817182	0	0	0
969	18.86834587	4.51018742	0	0	0
970	4.320336656	2.971435183	0	0	0
971	3.550577875	3.10396819	0	0	0
972	6.110121203	7.604739473	0	0	0
973	16.25	4.769464621	0	0	0
974	16.34468534	4.079589572	0	0	0
975	6.26326181	0.528077515	0	0	0
976	6.631443568	0.376030266	0	0	0
977	6.509237553	0.601907823	0	0	0
978	6.970759156	0.705606596	0	0	0
979	6.67543461	0.941104513	0	0	0
980	16.7356245	0.239584011	0	0	0
981	16.55663104	1.821935462	0	0	0
982	16.66036956	1.144535857	0	0	0
983	19.05696264	0.39569298	0	0	0
984	16.17842179	1.110870124	0	0	0
985	16.42789762	1.005991945	0	0	0
986	15.73987523	2.532142405	0	0	0
987	15.83874829	3.466434875	0	0	0
988	13.98364426	2.640889945	0	0	0
989	14.07293093	3.847807385	0	0	0
990	14.09178901	4.135602406	0	0	0
991	13.89119597	3.456128519	0	0	0
992	13.695362	4.489217217	0	0	0
993	13.94344435	4.368316284	0	0	0
994	14.04876392	4.712968764	0	0	0
995	13.69591628	4.175378151	0	0	0
996	14.104563	0.819453613	0	0	0
997	14.08598704	1.084341822	0	0	0
998	13.99797604	0.416656231	0	0	0
999	14.17957776	1.32478963	0	0	0
1000	13.82760494	1.05212993	0	0	0
1001	14.0138171	1.625566748	0	0	0
1002	13.44625395	1.342960949	0	0	0
1003	13.4387441	0.937675713	0	0	0
1004	6.152562365	4.479204831	0	0	0
1005	4.07293093	3.847807385	0	0	0
1006	4.084537623	4.150525419	0	0	0
1007	3.896682126	3.512218204	0	0	0
1008	4.07293093	5.097807385	0	0	0
1009	4.084537623	5.400525419	0	0	0
1010	3.896682126	4.762218204	0	0	0
1011	4.07293093	6.347807385	0	0	0
1012	4.084537623	6.650525419	0	0	0
1013	3.896682126	6.012218204	0	0	0
1014	17.07193613	2.72282058	0	0	0
1015	16.95616211	3.015563321	0	0	0
1016	16.89060187	2.330735481	0	0	0
1017	6.278255597	3.231753037	0	0	0
1018	3.995586915	9.448523273	0	0	0
1019	3.846353098	3.073449922	0	0	0
1020	15.90075763	4.641556649	0	0	0
1021	16.54206543	4.340538996	0	0	0
1022	16.7544767	0.514927215	0	0	0
1023	16.79187498	1.69542767	0	0	0
1024	16.87985246	2.007080952	0	0	0
1025	16.53826998	1.505818208	0	0	0
1026	13.85922263	3.040437751	0	0	0
1027	13.13928906	4.331315087	0	0	0
1028	13.70653689	1.53145664	0	0	0
1029	6.353736526	4.180618986	0	0	0
1030	6.121323476	4.867586543	0	0	0
1031	3.635579046	4.347339149	0	0	0
1032	3.624930887	6.848396901	0	0	0
1033	3.635579046	5.597339149	0	0	0
1034	16.85441622	3.421422388	0	0	0
1035	16.51244382	3.111741777	0	0	0
1036	3.991634084	9.724310926	0	0	0
1037	3.75	10	0	0	0
1038	3.625	9.725984719	0	0	0
1039	3.863647454	9.028791174	0	0	0
1040	3.721305048	3.310064233	0	0	0
1041	3.574760077	3.614348646	0	0	0
1042	3.445583701	3.364706004	0	0	0
1043	3.067624354	3.718521405	0	0	0
1044	3.30650116	3.594915758	0	0	0
1045	3.035864571	3.048211391	0	0	0
1046	3.414607459	3.963865724	0	0	0
1047	3.285358071	3.148677693	0	0	0
1048	3.0457646	3.383649729	0	0	0
1049	3.338710357	2.656161394	0	0	0
1050	3.672381578	2.835910514	0	0	0
1051	15.73293962	4.431790709	0	0	0
1052	15.72386392	4.147629155	0	0	0
1053	16.07957286	4.326487713	0	0	0
1054	15.95739934	3.836730387	0	0	0
1055	16.35012592	4.523742805	0	0	0
1056	16.7138284	4.005495758	0	0	0
1057	16.56645352	2.179495521	0	0	0
1058	16.31427901	1.677420155	0	0	0
1059	16.30668492	1.965625155	0	0	0
1060	13.43959382	4.33184547	0	0	0
1061	13.74755549	1.946233698	0	0	0
1062	3.886156644	6.822447634	0	0	0
1063	3.796395368	7.246666675	0	0	0
1064	3.734293881	6.621504188	0	0	0
1065	3.277394198	6.541080126	0	0	0
1066	3.529463119	6.447109057	0	0	0
1067	3.236843877	6.047245932	0	0	0
1068	3.577454519	6.115148586	0	0	0
1069	3.25	9.720436441	0	0	0
1070	2.463059374	3.58983688	0	0	0
1071	13.28850121	4.863937773	0	0	0
1072	13.29028173	3.855801234	0	0	0
1073	13.32947881	1.778161853	0	0	0
1074	3.455377105	5.839278317	0	0	0
1075	3.44028679	9.534855511	0	0	0
1076	3.016159602	9.290319992	0	0	0
1077	3.403438557	9.108690801	0	0	0
1078	2.662536792	3.227094941	0	0	0
1079	2.783489714	3.568919828	0	0	0
1080	13.28900872	4.576583652	0	0	0
1081	13.53256062	4.72069131	0	0	0
1082	12.77935538	4.719361037	0	0	0
1083	13.79084979	4.729364245	0	0	0
1084	13.64357879	5.189375139	0	0	0
1085	13.01404674	4.576098029	0	0	0
1086	13.93947263	5.03052498	0	0	0
1087	13.01825259	4.84685346	0	0	0
1088	12.64273527	4.231686491	0	0	0
1089	13.12309113	5.334471874	0	0	0
1090	12.87696195	4.351527729	0	0	0
1091	12.69112111	5.172266528	0	0	0
1092	12.65816929	4.490336778	0	0	0
1093	12.92407177	3.97063709	0	0	0
1094	12.31276551	4.819678414	0	0	0
1095	12.22911559	4.38615338	0	0	0
1096	13.53573759	3.961469135	0	0	0
1097	13.54887809	3.593026558	0	0	0
1098	2.977441282	5.555862997	0	0	0
1099	2.660354707	4.14741295	0	0	0
1100	13.88925889	5.291999893	0	0	0
1101	3.308694111	5.541946508	0	0	0
1102	2.640339703	3.840801165	0	0	0
1103	3.193969181	5.783391408	0	0	0
1104	2.747665247	5.991323678	0	0	0
1105	3.1183976	4.961684867	0	0	0
1106	3.518095688	5.298427372	0	0	0
1107	2.910492027	3.977125324	0	0	0
1108	2.106809094	4.029588139	0	0	0
1109	3.131713941	5.278652422	0	0	0
1110	3.479172853	4.939044004	0	0	0
1111	3.162088502	3.95295965	0	0	0
1112	3.273571871	4.30053837	0	0	0
1113	2.346950547	3.859953023	0	0	0
1114	2.370806764	4.148518639	0	0	0
1115	1.926163556	3.519066031	0	0	0
1116	2.517540816	4.661254421	0	0	0
1117	2.184630943	3.630167667	0	0	0
1118	2.516482811	4.384193229	0	0	0
1119	1.961133048	3.793913549	0	0	0
1120	2.221262354	3.18874746	0	0	0
1121	2.908025585	4.460001865	0	0	0
1122	2.036679651	4.524558056	0	0	0
1123	1.456419475	3.718481052	0	0	0
1124	2.149163804	4.288042212	0	0	0
1125	1.650061373	4.149054521	0	0	0
1126	1.719414196	3.685019619	0	0	0
1127	1.906121853	4.195173708	0	0	0
1128	1.528598946	3.235533246	0	0	0
1129	1.726814467	4.456812342	0	0	0
1130	2.653717732	5.13997035	0	0	0
1131	1.142868202	4.438995493	0	0	0
1132	2.863272725	5.310793108	0	0	0
1133	2.547173841	5.607179614	0	0	0
1134	1.437353972	4.365552376	0	0	0
1135	1.761652598	5.039990689	0	0	0
1136	1.198439285	4.034696384	0	0	0
1137	1.390158085	4.803433608	0	0	0
1138	1.826476778	4.743488437	0	0	0
1139	2.193839654	4.885829814	0	0	0
1140	18.75	4.806751602	0	0	0
1141	19.00416283	4.736281497	0	0	0
1142	19.33705678	4.38246846	0	0	0
1143	19.25	5	0	0	0
1144	19.375	4.702719726	0	0	0
1145	19.65687788	4.506949582	0	0	0
1146	19.62499486	4.115776356	0	0	0
1147	19.83343205	4.75	0	0	0
1148	19.8242453	4.296422166	0	0	0
1149	19.25133091	2.767560356	0	0	0
1150	14.3292	5.3354	0	0	0
1151	18.89496226	3.823771917	0	0	0
1152	19.31295211	3.837336348	0	0	0
1153	19.09819936	4.007982457	0	0	0
1154	19.35230125	4.107308846	0	0	0
1155	19.06300193	4.29385024	0	0	0
1156	3.552593716	0.461372262	0	0	0
1157	5.919181454	6.00200716	0	0	0
1158	5.821286792	8.310088445	0	0	0
1159	6.405492077	8.172541273	0	0	0
1160	5.844581945	8.573588929	0	0	0
1161	5.689484358	8.773894413	0	0	0
1162	6.153920183	8.413461458	0	0	0
1163	6.051223837	8.157057569	0	0	0
1164	6.094096644	7.882330025	0	0	0
1165	6.493333582	7.766119101	0	0	0
1166	6.612483201	8.640491378	0	0	0
1167	6.424292331	8.443980099	0	0	0
1168	6.789823917	8.282292361	0	0	0
1169	6.284862845	8.76587307	0	0	0
1170	6.539789919	8.941269216	0	0	0
1171	6.162232521	9.111838937	0	0	0
1172	6.774397033	8.838796741	0	0	0
1173	6.908502571	8.564048272	0	0	0
1174	6.72655	9.1367	0	0	0
1175	7.348638747	8.212785802	0	0	0
1176	7.079033556	8.326346441	0	0	0
1177	7.009268679	7.813004341	0	0	0
1178	7.315858821	8.51177893	0	0	0
1179	7.125011249	8.058686233	0	0	0
1180	6.864553484	8.031285287	0	0	0
1181	7.510001022	7.739306155	0	0	0
1182	6.750484481	7.79854831	0	0	0
1183	7.362546996	7.95328972	0	0	0
1184	6.607628829	8.012886922	0	0	0
1185	6.679397072	7.326476102	0	0	0
1186	7.2511868	7.718756113	0	0	0
1187	7.811575471	8.104914583	0	0	0
1188	6.894980116	7.535400823	0	0	0
1189	7.417023466	7.270224917	0	0	0
1190	7.599326727	8.39156329	0	0	0
1191	7.135397002	8.718847715	0	0	0
1192	7.038542343	7.171574199	0	0	0
1193	5.941743469	2.279320033	0	0	0
1194	6.159876902	2.557494008	0	0	0
1195	6.340752384	2.081910929	0	0	0
1196	6.371158624	2.867920881	0	0	0
1197	6.200731165	2.3008447	0	0	0
1198	6.658850954	2.439596809	0	0	0
1199	6.401283207	2.46434553	0	0	0
1200	6.551832927	2.678495192	0	0	0
1201	6.797295267	3.093493733	0	0	0
1202	6.95927389	2.717594998	0	0	0
1203	19.4463138	2.195774683	0	0	0
1204	16.04286012	2.436557531	0	0	0
1205	16.41763354	2.586855119	0	0	0
1206	3.946984141	8.569893966	0	0	0
1207	3.564485311	1.194958106	0	0	0
1208	6.75	0	0	0	0
1209	6.875	0.246115158	0	0	0
1210	7.25	0.281773931	0	0	0
1211	6.42481421	1.038454372	0	0	0
1212	19.25	0.165957401	0	0	0
1213	19.59125399	0.408746013	0	0	0
1214	19.32358221	0.423753979	0	0	0
1215	19.48402308	0.890758209	0	0	0
1216	19.15523246	0.742653215	0	0	0
1217	15.70901488	3.687389379	0	0	0
1218	14.30239739	4.643872842	0	0	0
1219	13.55847986	0.436018225	0	0	0
1220	12.7240401	1.153631216	0	0	0
1221	4.152698552	3.460382857	0	0	0
1222	4.152698552	4.710382857	0	0	0
1223	4.152698552	5.960382857	0	0	0
1224	15.75	5	0	0	0
1225	6.618691554	5.202289005	0	0	0
1226	17.11509157	3.445192016	0	0	0
1227	16.23663908	3.543098679	0	0	0
1228	16.08385567	4.065302135	0	0	0
1229	16.22718168	3.836741049	0	0	0
1230	16.54715704	3.700073068	0	0	0
1231	16.50004112	3.407663306	0	0	0
1232	14.00438304	1.888610192	0	0	0
1233	13.4178974	2.445719852	0	0	0
1234	3.921745406	7.617910702	0	0	0
1235	2.881281573	9.642272767	0	0	0
1236	12.32063494	3.602429797	0	0	0
1237	13.61747078	3.268107391	0	0	0
1238	13.00718239	3.308971051	0	0	0
1239	13.46935437	2.868642064	0	0	0
1240	13.31808942	3.374605686	0	0	0
1241	13.10731778	3.603826718	0	0	0
1242	13.22007368	3.069709294	0	0	0
1243	12.71402994	3.572959257	0	0	0
1244	12.68948295	2.811942628	0	0	0
1245	13.1243913	2.696022254	0	0	0
1246	12.91842654	3.015652993	0	0	0
1247	12.68529352	3.246284752	0	0	0
1248	12.50527342	3.426721666	0	0	0
1249	12.10147214	3.187262646	0	0	0
1250	12.40088607	3.142554874	0	0	0
1251	12.1748938	2.654015894	0	0	0
1252	12.21631163	2.931396647	0	0	0
1253	11.72230527	2.863377913	0	0	0
1254	12.42434022	2.758551734	0	0	0
1255	12.48493022	2.264084138	0	0	0
1256	12.60828064	2.530145007	0	0	0
1257	12.98254328	2.195006234	0	0	0
1258	12.86800108	2.607902791	0	0	0
1259	12.74427663	2.305470782	0	0	0
1260	13.06862601	2.441222495	0	0	0
1261	12.68241499	1.859841169	0	0	0
1262	13.24586754	2.241098524	0	0	0
1263	13.1548856	1.985647344	0	0	0
1264	13.54044141	2.168068885	0	0	0
1265	12.98675593	1.666970563	0	0	0
1266	13.7196462	2.413031188	0	0	0
1267	13.70226234	2.70003618	0	0	0
1268	3.418062787	4.606366728	0	0	0
1269	3.682383068	4.607484964	0	0	0
1270	3.160846219	4.540843547	0	0	0
1271	2.960019746	4.733148439	0	0	0
1272	2.856574673	4.9739837	0	0	0
1273	2.532089496	2.475846003	0	0	0
1274	0.595155018	4.157743397	0	0	0
1275	0.766866829	3.41926101	0	0	0
1276	2.467217223	4.934296219	0	0	0
1277	2.272029708	5.298681932	0	0	0
1278	19.71744228	3.75	0	0	0
1279	18.87442455	2.894279501	0	0	0
1280	5.903878041	6.406599625	0	0	0
1281	5.926959176	9.238148294	0	0	0
1282	6.394512133	7.465102462	0	0	0
1283	6.07843016	7.180775994	0	0	0
1284	6.408464996	7.131735941	0	0	0
1285	6.183141342	6.7504008	0	0	0
1286	6.73545401	6.962649852	0	0	0
1287	7.17215442	7.434612035	0	0	0
1288	7.240569724	1.346884505	0	0	0
1289	6.938294067	3.867489047	0	0	0
1290	6.521089416	3.099982364	0	0	0
1291	6.669057981	3.516695271	0	0	0
1292	19.19296434	2.013620832	0	0	0
1293	19.57300139	1.752307685	0	0	0
1294	19.1077179	2.399449222	0	0	0
1295	16.64304011	2.438338639	0	0	0
1296	16.52733892	2.838045155	0	0	0
1297	16.2611631	2.960812969	0	0	0
1298	16.01266088	2.931881275	0	0	0
1299	15.82376109	3.098498894	0	0	0
1300	3.240378333	8.285351124	0	0	0
1301	7.75	0.473600498	0	0	0
1302	7.044764252	0.450459809	0	0	0
1303	7.390811042	0.66229054	0	0	0
1304	19.75	0.158746013	0	0	0
1305	19.74186479	0.695185332	0	0	0
1306	19.73907288	0.959259155	0	0	0
1307	19.82732113	1.25	0	0	0
1308	19.54378873	1.177296906	0	0	0
1309	19.62198267	1.461571812	0	0	0
1310	19.22894864	1.093463359	0	0	0
1311	19.35785961	1.566568042	0	0	0
1312	13.76857425	0.207208853	0	0	0
1313	13.56546238	0.702802841	0	0	0
1314	13.08903559	0.581788616	0	0	0
1315	13.11184742	1.146445232	0	0	0
1316	6.481619375	5.788180893	0	0	0
1317	6.31250279	5.120389833	0	0	0
1318	6.372301076	4.876478006	0	0	0
1319	6.757118398	4.84153509	0	0	0
1320	6.386526589	5.4569532	0	0	0
1321	6.730572636	5.5374444	0	0	0
1322	6.196986826	5.69063256	0	0	0
1323	7.166661298	5.205618236	0	0	0
1324	7.050582639	6.1041381	0	0	0
1325	6.245389961	6.013432281	0	0	0
1326	6.892109483	5.29726872	0	0	0
1327	6.95565893	5.030585578	0	0	0
1328	7.163934066	5.654502812	0	0	0
1329	7.191523028	4.584102741	0	0	0
1330	7.244185456	4.897464336	0	0	0
1331	7.010625339	4.774081215	0	0	0
1332	6.785884758	4.439550393	0	0	0
1333	6.810659154	5.865920945	0	0	0
1334	6.075183763	6.210493485	0	0	0
1335	6.500860493	6.406123997	0	0	0
1336	6.175671863	6.471147338	0	0	0
1337	7.773357904	4.647427582	0	0	0
1338	6.549010729	6.095353615	0	0	0
1339	7.699360498	5.175804063	0	0	0
1340	7.473510024	4.697818943	0	0	0
1341	6.7994928	6.117096879	0	0	0
1342	6.947896901	6.553537917	0	0	0
1343	7.428360835	5.107627024	0	0	0
1344	7.61931849	4.921274005	0	0	0
1345	7.481142752	5.470514316	0	0	0
1346	7.984321245	4.9463421	0	0	0
1347	7.534103982	4.141075688	0	0	0
1348	7.582322216	4.427992632	0	0	0
1349	7.314778368	4.32544493	0	0	0
1350	8.066837691	4.199056532	0	0	0
1351	7.044471197	4.355334105	0	0	0
1352	7.23470079	4.007545184	0	0	0
1353	7.856865871	4.381853809	0	0	0
1354	6.833233671	4.145831937	0	0	0
1355	7.8067574	4.112304544	0	0	0
1356	8.226923243	4.594932012	0	0	0
1357	7.619427389	3.643350822	0	0	0
1358	7.646957778	3.904246064	0	0	0
1359	7.40133183	3.798265032	0	0	0
1360	8.085498356	3.726069884	0	0	0
1361	7.23575945	3.334184667	0	0	0
1362	6.600431908	4.258978776	0	0	0
1363	6.562705615	3.95024222	0	0	0
1364	6.497832357	3.704510319	0	0	0
1365	6.254174425	3.530308706	0	0	0
1366	3.997773982	7.883013284	0	0	0
1367	3.580460003	8.011487805	0	0	0
1368	3.747292519	7.8113953	0	0	0
1369	3.309167449	7.615693524	0	0	0
1370	3.61581598	7.517462284	0	0	0
1371	3.33836379	7.179087678	0	0	0
1372	2.75	10	0	0	0
1373	2.625	9.751173518	0	0	0
1374	2.25	9.718599851	0	0	0
1375	2.598136018	9.331942685	0	0	0
1376	12.59002987	3.892760375	0	0	0
1377	12.35875765	4.102285926	0	0	0
1378	11.79071793	4.01440004	0	0	0
1379	12.34267279	3.852130853	0	0	0
1380	12.08464381	3.994316665	0	0	0
1381	11.95545589	4.264500795	0	0	0
1382	11.91163236	3.623131135	0	0	0
1383	11.94054692	4.666666311	0	0	0
1384	11.42972727	4.431485369	0	0	0
1385	11.66904243	4.273851735	0	0	0
1386	11.68251172	4.554778213	0	0	0
1387	11.2699439	3.928428786	0	0	0
1388	11.61318259	5.06814748	0	0	0
1389	11.51820674	4.044857035	0	0	0
1390	11.72024552	4.82124005	0	0	0
1391	11.29529175	4.197281563	0	0	0
1392	11.54152401	3.672234402	0	0	0
1393	12.01700483	5.009911287	0	0	0
1394	11.33872195	4.802471258	0	0	0
1395	10.80601602	4.107789928	0	0	0
1396	10.99968557	4.522648323	0	0	0
1397	12.33341645	5.176815431	0	0	0
1398	12.67071107	1.504819621	0	0	0
1399	13.22486712	1.516824679	0	0	0
1400	12.97827283	1.389638405	0	0	0
1401	2.703258695	2.833074026	0	0	0
1402	0.918407884	4.202174639	0	0	0
1403	0.693535891	4.640092639	0	0	0
1404	0.806574354	3.817698193	0	0	0
1405	1.862720489	5.940685419	0	0	0
1406	2.037112463	5.129342639	0	0	0
1407	1.926765153	5.530037828	0	0	0
1408	1.833190849	5.288726584	0	0	0
1409	1.452199735	5.575263633	0	0	0
1410	1.504722556	5.248541044	0	0	0
1411	0.899272128	5.318793866	0	0	0
1412	1.211904809	5.369051641	0	0	0
1413	0.966495297	5.898134252	0	0	0
1414	1.1068499	5.025046738	0	0	0
1415	1.014585706	5.598983852	0	0	0
1416	1.244354711	5.789361368	0	0	0
1417	0.495633593	5.668999487	0	0	0
1418	1.550264052	5.878400316	0	0	0
1419	0.765690026	5.712412848	0	0	0
1420	0.558839836	6.137480747	0	0	0
1421	0.667795314	5.459714106	0	0	0
1422	0.326321157	5.354265919	0	0	0
1423	0.597101477	5.083018757	0	0	0
1424	1.699955323	5.662545207	0	0	0
1425	1.596077965	6.463441934	0	0	0
1426	1.250700229	6.214852143	0	0	0
1427	1.655677024	6.164460177	0	0	0
1428	2.15588967	6.419603745	0	0	0
1429	1.869801498	6.362574895	0	0	0
1430	2.061231722	6.148357761	0	0	0
1431	1.911749165	6.898244727	0	0	0
1432	2.21769115	5.800086975	0	0	0
1433	2.427939523	6.172525667	0	0	0
1434	1.815232016	6.636325518	0	0	0
1435	2.085715989	6.685395131	0	0	0
1436	1.399180088	6.938383402	0	0	0
1437	2.591977634	6.676898016	0	0	0
1438	1.56460807	6.728680366	0	0	0
1439	2.337648498	6.609750574	0	0	0
1440	1.659816656	6.973889284	0	0	0
1441	1.19104977	6.604094161	0	0	0
1442	2.523711597	6.420238917	0	0	0
1443	2.348401685	7.084246617	0	0	0
1444	1.466556238	7.418173077	0	0	0
1445	2.904445788	6.456379689	0	0	0
1446	1.909006542	7.346460562	0	0	0
1447	19.42981283	3.398218455	0	0	0
1448	18.72232373	2.651310433	0	0	0
1449	18.84132786	2.412615994	0	0	0
1450	18.99590097	2.649141398	0	0	0
1451	18.90487382	3.231745906	0	0	0
1452	18.75969116	3.453092574	0	0	0
1453	19.13351155	3.041009236	0	0	0
1454	19.16246475	3.330365829	0	0	0
1455	19.5013452	3.037389103	0	0	0
1456	5.794176072	6.689495377	0	0	0
1457	5.86976049	6.97363713	0	0	0
1458	6.465295127	6.840918808	0	0	0
1459	6.698597719	6.683796742	0	0	0
1460	7.280369309	2.069271007	0	0	0
1461	7.015227652	1.064295826	0	0	0
1462	19.39777076	2.498359267	0	0	0
1463	19.69917867	2.391527412	0	0	0
1464	19.54045651	2.750408057	0	0	0
1465	19.743591	2.924247979	0	0	0
1466	19.78674704	3.25	0	0	0
1467	19.79097443	2.663276971	0	0	0
1468	19.72351364	2.098896267	0	0	0
1469	19.74756928	3.49937274	0	0	0
1470	7.536034484	0.283762571	0	0	0
1471	7.75	0	0	0	0
1472	7.875	0.236800249	0	0	0
1473	8.25	0.283359833	0	0	0
1474	8.03603923	0.473200265	0	0	0
1475	8.479554331	0.75757347	0	0	0
1476	7.893729118	0.980469027	0	0	0
1477	8.297900765	0.552839756	0	0	0
1478	7.893346145	0.706765236	0	0	0
1479	8.618823039	0.356797773	0	0	0
1480	8.176825116	0.843220749	0	0	0
1481	7.627966202	0.843988726	0	0	0
1482	8.480018721	1.337052495	0	0	0
1483	7.600859656	1.22376745	0	0	0
1484	7.332389971	0.984160891	0	0	0
1485	8.169129383	1.187936082	0	0	0
1486	8.390441725	1.020433286	0	0	0
1487	8.900975967	1.046975445	0	0	0
1488	8.649451978	0.961705819	0	0	0
1489	8.816355092	0.650025383	0	0	0
1490	8.704635107	1.212530567	0	0	0
1491	9.096289097	1.477811187	0	0	0
1492	8.752470141	1.563662683	0	0	0
1493	8.060231787	1.81361532	0	0	0
1494	7.889226453	1.272968372	0	0	0
1495	8.111111325	1.500154482	0	0	0
1496	7.678750439	1.636909193	0	0	0
1497	8.414136103	1.710199772	0	0	0
1498	18.996485	0.959161126	0	0	0
1499	12.91278618	0.871698101	0	0	0
1500	12.3186235	0.678069933	0	0	0
1501	13.18411525	0.838121783	0	0	0
1502	12.69249624	0.539243807	0	0	0
1503	12.58839826	0.858676338	0	0	0
1504	12.13830467	1.244328786	0	0	0
1505	12.30755768	0.986385834	0	0	0
1506	12.44031031	1.257993786	0	0	0
1507	11.76653155	0.812611224	0	0	0
1508	12.271415	1.646597181	0	0	0
1509	12.06155133	0.823199838	0	0	0
1510	11.90501904	1.069287666	0	0	0
1511	11.92834937	0.419258418	0	0	0
1512	11.71136223	1.570359293	0	0	0
1513	11.87885471	1.347134103	0	0	0
1514	11.99169205	1.606249182	0	0	0
1515	11.406675	1.167293559	0	0	0
1516	12.06867285	2.062359774	0	0	0
1517	11.64157656	1.04572764	0	0	0
1518	11.61692714	1.325051964	0	0	0
1519	11.81539116	1.870556222	0	0	0
1520	11.32804287	0.727620026	0	0	0
1521	11.23728615	1.612031853	0	0	0
1522	11.64736265	2.355576712	0	0	0
1523	11.49389547	1.813842605	0	0	0
1524	11.81030321	2.140409373	0	0	0
1525	12.02245159	2.376021017	0	0	0
1526	11.5288442	2.09654684	0	0	0
1527	11.12891492	2.436162298	0	0	0
1528	11.13884934	2.001246804	0	0	0
1529	11.37677413	2.322754952	0	0	0
1530	11.47553346	2.640366426	0	0	0
1531	11.88905082	2.629967418	0	0	0
1532	11.21655686	3.174972751	0	0	0
1533	11.42399694	2.945431369	0	0	0
1534	11.67580767	3.277616349	0	0	0
1535	11.05408718	2.819642316	0	0	0
1536	7.334220756	6.812542492	0	0	0
1537	7.574637837	5.997145131	0	0	0
1538	7.126944037	3.012694279	0	0	0
1539	7.006152166	3.232739579	0	0	0
1540	7.001748949	3.553270782	0	0	0
1541	7.522401897	2.592818944	0	0	0
1542	7.260043958	2.741886044	0	0	0
1543	7.136166298	2.401528041	0	0	0
1544	7.610280185	3.052893035	0	0	0
1545	3.69656468	8.334771354	0	0	0
1546	3.563892357	8.726992269	0	0	0
1547	1.75	9.526144452	0	0	0
1548	2.453412811	9.551692562	0	0	0
1549	2.108956497	9.339302678	0	0	0
1550	2.74656351	8.702673205	0	0	0
1551	11.00498162	5.421852367	0	0	0
1552	12.5098895	4.987445559	0	0	0
1553	12.51845785	5.661220909	0	0	0
1554	11.89856299	5.617823271	0	0	0
1555	2.459361514	3.006982104	0	0	0
1556	2.018289452	2.67603917	0	0	0
1557	2.44943149	2.735075056	0	0	0
1558	2.209980377	2.879954638	0	0	0
1559	2.257740565	2.531159589	0	0	0
1560	1.851931603	3.024481371	0	0	0
1561	1.881183478	2.179118613	0	0	0
1562	2.312573325	2.095097541	0	0	0
1563	2.019815129	2.408243399	0	0	0
1564	1.544324265	2.539436681	0	0	0
1565	2.951369223	2.494566826	0	0	0
1566	0.375374069	3.785350612	0	0	0
1567	1.103829722	3.586877082	0	0	0
1568	1.105011998	4.73080133	0	0	0
1569	0.856499495	4.879482021	0	0	0
1570	0.24159248	5.602754121	0	0	0
1571	0.297441924	5.908807424	0	0	0
1572	0.23684014	6.241821162	0	0	0
1573	0.582806759	6.760467586	0	0	0
1574	0.482966023	6.452354123	0	0	0
1575	0.869028184	6.378803823	0	0	0
1576	0.262959744	6.693877578	0	0	0
1577	0.357523447	7.041110651	0	0	0
1578	0.296810559	5.05402539	0	0	0
1579	0.198827066	4.75	0	0	0
1580	0.352239967	4.423925047	0	0	0
1581	0.46994457	4.830424406	0	0	0
1582	2.185569469	5.542958939	0	0	0
1583	2.487333848	5.882803129	0	0	0
1584	3.002218958	6.889293537	0	0	0
1585	3.135103812	6.304182093	0	0	0
1586	6.83987164	1.435268906	0	0	0
1587	8.75	0	0	0	0
1588	8.875	0.24846888	0	0	0
1589	9.25	0.281447287	0	0	0
1590	9.076570638	2.130233095	0	0	0
1591	7.711350483	2.066663552	0	0	0
1592	7.480529136	1.46036706	0	0	0
1593	7.38559557	1.766510749	0	0	0
1594	6.992210158	1.799453295	0	0	0
1595	12.40501757	0.337886318	0	0	0
1596	12.690707	0.235902502	0	0	0
1597	12.25	0	0	0	0
1598	12.125	0.237114014	0	0	0
1599	12.90945889	0.386288134	0	0	0
1600	13.24250434	0.260594904	0	0	0
1601	10.49809701	1.632138016	0	0	0
1602	11.17570368	3.556486872	0	0	0
1603	7.028411259	6.861962859	0	0	0
1604	7.431803195	5.750888489	0	0	0
1605	7.840639213	5.678306032	0	0	0
1606	7.300550058	5.991570441	0	0	0
1607	7.429395172	6.397462587	0	0	0
1608	7.41458461	2.324943166	0	0	0
1609	7.708022501	2.36247296	0	0	0
1610	8.087924448	2.218823595	0	0	0
1611	7.952151157	2.749162788	0	0	0
1612	3.451112909	8.470294313	0	0	0
1613	3.154064766	8.753925119	0	0	0
1614	1.963895348	9.716172201	0	0	0
1615	1.75	10	0	0	0
1616	1.625	9.763072226	0	0	0
1617	1.25	9.716665193	0	0	0
1618	1.463888276	9.526633713	0	0	0
1619	1.020070746	9.242484545	0	0	0
1620	1.201907121	9.447148891	0	0	0
1621	1.606076813	9.019191924	0	0	0
1622	0.881397304	9.643390159	0	0	0
1623	1.606544975	9.292965083	0	0	0
1624	1.322876054	9.156563187	0	0	0
1625	1.872554692	9.155623217	0	0	0
1626	1.019158535	8.662733589	0	0	0
1627	1.981170799	8.615015803	0	0	0
1628	1.101374536	8.952480422	0	0	0
1629	2.225512501	8.945322708	0	0	0
1630	1.850623103	8.870001827	0	0	0
1631	1.488476595	8.551406293	0	0	0
1632	0.54973744	8.954225785	0	0	0
1633	1.36684285	8.886598887	0	0	0
1634	0.825803628	9.03162202	0	0	0
1635	0.689138573	9.352451361	0	0	0
1636	0.753467419	8.75858836	0	0	0
1637	0.391682824	8.585735875	0	0	0
1638	0.743418059	8.314583556	0	0	0
1639	0.539698102	9.660198687	0	0	0
1640	0.75	10	0	0	0
1641	0.25	9.798573582	0	0	0
1642	0.332397713	9.369377303	0	0	0
1643	2.780430118	9.04280115	0	0	0
1644	2.490976311	9.062346117	0	0	0
1645	2.461114098	8.77047785	0	0	0
1646	2.221023044	8.693115453	0	0	0
1647	2.239546056	8.228873764	0	0	0
1648	2.53009754	8.426133665	0	0	0
1649	3.057429582	9.015005459	0	0	0
1650	2.721971384	7.830903481	0	0	0
1651	2.887878657	8.369065443	0	0	0
1652	2.538969958	8.100453126	0	0	0
1653	2.206348789	7.738194675	0	0	0
1654	2.820997135	8.09502967	0	0	0
1655	3.063309363	7.853555993	0	0	0
1656	2.453228806	7.845346057	0	0	0
1657	2.476209709	7.454412169	0	0	0
1658	2.918169551	7.457544916	0	0	0
1659	3.335275911	7.888672077	0	0	0
1660	11.25920056	5.15922784	0	0	0
1661	12.51494539	5.385017297	0	0	0
1662	12.82774326	5.464720895	0	0	0
1663	12.21639221	5.526938115	0	0	0
1664	13.07644541	5.628684227	0	0	0
1665	12.21327865	5.94082778	0	0	0
1666	11.98507462	5.319184434	0	0	0
1667	13.37641843	5.525439384	0	0	0
1668	12.92149259	5.874185177	0	0	0
1669	12.66126097	5.878819725	0	0	0
1670	12.47547852	6.100157033	0	0	0
1671	11.66728898	5.388976276	0	0	0
1672	13.38146912	5.255230414	0	0	0
1673	13.43475	5.7826	0	0	0
1674	11.37724339	5.913384801	0	0	0
1675	11.59622137	5.692084475	0	0	0
1676	11.83161951	5.997870875	0	0	0
1677	11.28121817	5.59937712	0	0	0
1678	10.90099753	5.887336974	0	0	0
1679	1.968439383	3.259857827	0	0	0
1680	1.738467468	2.756376359	0	0	0
1681	1.590445253	2.977082476	0	0	0
1682	1.101360183	2.996671419	0	0	0
1683	3.067995979	2.760037627	0	0	0
1684	2.75932247	2.091183431	0	0	0
1685	3.363525056	2.051656339	0	0	0
1686	0.603334768	3.636755499	0	0	0
1687	0.326097153	3.460599056	0	0	0
1688	0	3.25	0	0	0
1689	0.311779907	3.125	0	0	0
1690	0.531831401	3.283717144	0	0	0
1691	0.673239715	2.855760811	0	0	0
1692	0.778333764	3.127827446	0	0	0
1693	1.029745492	3.28366203	0	0	0
1694	1.272635175	3.191841368	0	0	0
1695	1.359073672	3.457064401	0	0	0
1696	0.281178656	2.75	0	0	0
1697	0.962964447	6.978037496	0	0	0
1698	0.152378503	7.25	0	0	0
1699	0.625254166	7.509220718	0	0	0
1700	0.425373167	7.312922647	0	0	0
1701	0.670432735	7.107376546	0	0	0
1702	0.310785081	7.629515948	0	0	0
1703	0.949101547	7.342168502	0	0	0
1704	0.603582923	7.923750351	0	0	0
1705	0	4.25	0	0	0
1706	0.280780429	4.125	0	0	0
1707	6.699215176	1.20763239	0	0	0
1708	6.536058989	1.699568481	0	0	0
1709	9.043749249	0.478174311	0	0	0
1710	9.495617367	0.745436482	0	0	0
1711	9.105257597	0.795932501	0	0	0
1712	9.307374194	0.548080293	0	0	0
1713	9.604567604	0.344640695	0	0	0
1714	9.270589926	1.139105379	0	0	0
1715	8.721970082	1.957094217	0	0	0
1716	7.075427468	1.550689617	0	0	0
1717	6.956662319	2.126200125	0	0	0
1718	6.723404433	1.935516152	0	0	0
1719	6.709963516	2.18996863	0	0	0
1720	10.41169677	2.495253367	0	0	0
1721	10.87052707	1.726329742	0	0	0
1722	11.40990197	3.388620845	0	0	0
1723	10.95740863	3.809706992	0	0	0
1724	10.35329351	3.690371127	0	0	0
1725	10.72648625	3.389930741	0	0	0
1726	10.63852162	3.835234932	0	0	0
1727	10.239104	4.268433789	0	0	0
1728	10.37772056	3.995506135	0	0	0
1729	10.5399778	4.249579203	0	0	0
1730	9.824586841	3.886241049	0	0	0
1731	10.77706213	4.373941413	0	0	0
1732	10.62475752	4.842944813	0	0	0
1733	10.53171629	4.553499045	0	0	0
1734	10.11656291	3.862867417	0	0	0
1735	9.990406236	4.122281375	0	0	0
1736	9.929139872	3.356961217	0	0	0
1737	9.855667208	4.636230116	0	0	0
1738	10.09419726	3.583482816	0	0	0
1739	9.995516801	4.398257437	0	0	0
1740	9.819476276	3.610264987	0	0	0
1741	10.33350831	3.235710039	0	0	0
1742	10.23885593	4.561400627	0	0	0
1743	9.513026351	4.274790992	0	0	0
1744	9.425270367	3.289209799	0	0	0
1745	9.729580625	4.129247944	0	0	0
1746	9.667650415	3.394144154	0	0	0
1747	9.388676394	3.855892379	0	0	0
1748	9.732480054	2.912004015	0	0	0
1749	9.445432146	3.575034594	0	0	0
1750	8.919170897	3.614851195	0	0	0
1751	9.187916693	3.669159356	0	0	0
1752	8.957270407	4.118417434	0	0	0
1753	9.11112265	3.357074337	0	0	0
1754	9.009236529	3.861261297	0	0	0
1755	9.201437637	4.033930031	0	0	0
1756	8.532002625	3.898650578	0	0	0
1757	9.183967109	4.378503862	0	0	0
1758	8.558179517	3.145685261	0	0	0
1759	9.147891403	2.766244829	0	0	0
1760	8.720564439	4.553575221	0	0	0
1761	9.457030949	4.671003802	0	0	0
1762	8.804839751	3.329359097	0	0	0
1763	9.212829284	3.066844929	0	0	0
1764	8.59524518	3.578934698	0	0	0
1765	8.870712101	2.983437407	0	0	0
1766	9.43457488	2.861627554	0	0	0
1767	8.353268431	3.697182513	0	0	0
1768	8.248557318	3.970094764	0	0	0
1769	8.176900812	3.317835988	0	0	0
1770	8.474807626	4.269724896	0	0	0
1771	8.477348445	2.607848657	0	0	0
1772	9.424557304	2.413215473	0	0	0
1773	8.609775585	2.862938602	0	0	0
1774	8.256985659	2.944641922	0	0	0
1775	8.837209833	2.582949594	0	0	0
1776	9.626444381	2.63302323	0	0	0
1777	9.915159358	2.165229258	0	0	0
1778	10.03211309	2.638477249	0	0	0
1779	9.704830808	2.358409957	0	0	0
1780	9.485815858	1.982432349	0	0	0
1781	7.741418741	5.435090644	0	0	0
1782	8.001856808	5.259791249	0	0	0
1783	8.524943908	5.073312646	0	0	0
1784	8.235925025	5.089481485	0	0	0
1785	8.366915262	4.839740541	0	0	0
1786	8.407869462	5.571799111	0	0	0
1787	8.645022771	4.821825463	0	0	0
1788	8.250833663	5.3559742	0	0	0
1789	9.059843198	4.793880881	0	0	0
1790	8.509637724	5.332709113	0	0	0
1791	8.122282598	5.614551563	0	0	0
1792	8.871046328	5.084157003	0	0	0
1793	8.340864333	6.099442063	0	0	0
1794	8.882594203	5.632661166	0	0	0
1795	8.047871724	5.939806943	0	0	0
1796	8.29995558	5.826171129	0	0	0
1797	8.61843993	5.811207289	0	0	0
1798	9.412248429	5.229622018	0	0	0
1799	7.954348934	6.46015301	0	0	0
1800	9.067030087	6.190206881	0	0	0
1801	9.165273539	5.06898846	0	0	0
1802	9.419001841	4.949059277	0	0	0
1803	9.12479379	5.40140561	0	0	0
1804	9.672794395	4.842141672	0	0	0
1805	10.12925519	5.063368943	0	0	0
1806	9.932223564	4.888382518	0	0	0
1807	10.17725633	4.810900229	0	0	0
1808	9.793205904	5.243334222	0	0	0
1809	10.38989316	4.982125768	0	0	0
1810	10.68727772	5.216200396	0	0	0
1811	10.35578545	5.331404803	0	0	0
1812	8.087630015	6.215530324	0	0	0
1813	8.388791469	6.538236195	0	0	0
1814	7.786880914	6.210289139	0	0	0
1815	8.896183764	5.937444258	0	0	0
1816	9.573046029	5.82509159	0	0	0
1817	8.852721722	5.358916441	0	0	0
1818	10.06510973	5.347325262	0	0	0
1819	10.23867017	5.85465288	0	0	0
1820	9.818239849	5.585345314	0	0	0
1821	10.22343628	5.576512556	0	0	0
1822	10.61029639	5.627117058	0	0	0
1823	7.688469271	6.457301837	0	0	0
1824	7.816354759	6.930058719	0	0	0
1825	7.511061333	6.634639276	0	0	0
1826	8.689383178	6.261344302	0	0	0
1827	9.236338011	5.89164873	0	0	0
1828	9.408670602	5.550033429	0	0	0
1829	9.902445199	5.916719697	0	0	0
1830	9.136836553	5.656476838	0	0	0
1831	9.4772757	6.22556603	0	0	0
1832	10.18058503	6.481720414	0	0	0
1833	9.684209934	6.063364151	0	0	0
1834	9.960639144	6.239033862	0	0	0
1835	10.27590005	6.174325451	0	0	0
1836	9.7061864	6.690654732	0	0	0
1837	10.5645185	5.978707989	0	0	0
1838	9.908601155	6.507207021	0	0	0
1839	10.08286457	6.902883178	0	0	0
1840	9.652611793	6.428145659	0	0	0
1841	9.2200561	6.653145984	0	0	0
1842	10.8742621	6.454119433	0	0	0
1843	10.79613513	6.16641235	0	0	0
1844	10.52552491	6.420202304	0	0	0
1845	11.12648924	6.131304029	0	0	0
1846	10.66655737	6.77992425	0	0	0
1847	11.51290647	6.322716721	0	0	0
1848	10.39378832	6.679358447	0	0	0
1849	10.44464132	6.961632274	0	0	0
1850	10.30425	7.3479	0	0	0
1851	10.08119457	7.181289402	0	0	0
1852	9.731123863	7.319747725	0	0	0
1853	9.823106777	7.040533159	0	0	0
1854	9.389503126	7.052447607	0	0	0
1855	8.306848749	2.000311494	0	0	0
1856	8.39165668	2.304204095	0	0	0
1857	8.174621416	2.529367635	0	0	0
1858	8.64355383	2.397029856	0	0	0
1859	8.898228049	2.325575404	0	0	0
1860	9.158883434	2.384464888	0	0	0
1861	0.264969706	8.858228088	0	0	0
1862	0.339178763	9.108460809	0	0	0
1863	0.25994759	8.25	0	0	0
1864	2.183826858	7.446575211	0	0	0
1865	2.118588393	7.198402551	0	0	0
1866	2.699214837	7.170267527	0	0	0
1867	12.05618934	6.195095809	0	0	0
1868	11.78807446	6.273918856	0	0	0
1869	3.239342741	2.349320547	0	0	0
1870	2.99638891	2.225725953	0	0	0
1871	3.04755596	1.859439642	0	0	0
1872	3.594224433	2.322637515	0	0	0
1873	0.474007239	2.25	0	0	0
1874	0.897166115	6.681372494	0	0	0
1875	1.200270539	7.169401412	0	0	0
1876	1.199455938	7.437175572	0	0	0
1877	1.36669227	7.901169471	0	0	0
1878	0.944713054	7.731092301	0	0	0
1879	0.298356585	7.934685113	0	0	0
1880	9.75	0	0	0	0
1881	9.875	0.255753154	0	0	0
1882	10.25	0.280611741	0	0	0
1883	9.84676747	0.62568517	0	0	0
1884	8.989093684	1.779904487	0	0	0
1885	9.302709754	1.721123292	0	0	0
1886	9.406944187	1.42347565	0	0	0
1887	9.685412577	1.115075553	0	0	0
1888	9.647058537	1.674637228	0	0	0
1889	9.761432846	1.930685923	0	0	0
1890	10.07183253	1.638464327	0	0	0
1891	10.04008052	1.915702221	0	0	0
1892	10.28746251	1.803597615	0	0	0
1893	10.26155095	2.182610628	0	0	0
1894	10.60775052	1.981954863	0	0	0
1895	9.68682004	1.396267313	0	0	0
1896	10.04507873	1.2538747	0	0	0
1897	10.16669386	2.420540411	0	0	0
1898	10.52966944	2.246222389	0	0	0
1899	10.86566355	2.201827198	0	0	0
1900	10.73350274	2.495242611	0	0	0
1901	10.57261283	2.886601772	0	0	0
1902	10.82030014	1.14154274	0	0	0
1903	10.99878022	3.344597236	0	0	0
1904	10.81603441	3.08736993	0	0	0
1905	10.5811822	3.182393391	0	0	0
1906	10.98675958	4.91125949	0	0	0
1907	7.890898344	3.468150143	0	0	0
1908	7.621102034	3.348025132	0	0	0
1909	7.85230846	3.191782843	0	0	0
1910	8.690628034	4.113045067	0	0	0
1911	10.07822751	2.989871847	0	0	0
1912	8.79334804	6.675813725	0	0	0
1913	10.94660732	6.729350053	0	0	0
1914	11.21544505	6.511561829	0	0	0
1915	9.377589184	7.419626981	0	0	0
1916	2.569705341	6.940078171	0	0	0
1917	2.987682371	7.177484962	0	0	0
1918	3.162149427	7.369445653	0	0	0
1919	2.53085553	1.511907119	0	0	0
1920	3.413336938	1.613968664	0	0	0
1921	3.675415387	2.019822375	0	0	0
1922	3.917408662	1.868047108	0	0	0
1923	0.541827153	2.563338098	0	0	0
1924	0.278080201	2.470362005	0	0	0
1925	0	2.25	0	0	0
1926	0.237003619	2.125	0	0	0
1927	0.283319968	1.75	0	0	0
1928	0.473465051	1.963845141	0	0	0
1929	0.757480952	1.519847793	0	0	0
1930	0.981009769	2.105961421	0	0	0
1931	0.55285788	1.701792872	0	0	0
1932	0.707195335	2.106480227	0	0	0
1933	0.356498293	1.381528069	0	0	0
1934	0.843565352	1.822698309	0	0	0
1935	0.84468686	2.414605812	0	0	0
1936	1.33739357	1.518669158	0	0	0
1937	1.209776634	2.391431739	0	0	0
1938	1.188694411	1.830212231	0	0	0
1939	1.020872022	1.60863951	0	0	0
1940	1.046579707	1.097323945	0	0	0
1941	0.961617132	1.349356278	0	0	0
1942	0.649354119	1.182927408	0	0	0
1943	1.212737347	1.293674343	0	0	0
1944	1.477733618	0.900947485	0	0	0
1945	1.564948839	1.24556464	0	0	0
1946	1.616354973	1.843075631	0	0	0
1947	1.270796684	2.108133788	0	0	0
1948	1.45225671	2.295439371	0	0	0
1949	0.894299588	8.040167852	0	0	0
1950	1.087688788	8.325186035	0	0	0
1951	1.159279935	8.068492488	0	0	0
1952	1.453810847	8.221375877	0	0	0
1953	1.812187131	7.951918038	0	0	0
1954	1.764208474	8.355608138	0	0	0
1955	10.75	0.474397379	0	0	0
1956	10.05010533	0.455160205	0	0	0
1957	10.39500545	0.648408399	0	0	0
1958	10.11658106	0.740922215	0	0	0
1959	10.36976706	1.037674467	0	0	0
1960	9.885025869	0.90959421	0	0	0
1961	10.12246916	0.992282527	0	0	0
1962	10.2819271	1.430623824	0	0	0
1963	10.57580776	1.332072665	0	0	0
1964	10.85128109	1.433432287	0	0	0
1965	11.10891687	1.258498089	0	0	0
1966	11.07283565	0.932942737	0	0	0
1967	10.75942285	0.810681054	0	0	0
1968	11.03089899	0.619550181	0	0	0
1969	11.01295618	0.30989944	0	0	0
1970	10.74498944	0.173966132	0	0	0
1971	11.25	0.14476863	0	0	0
1972	11.55100892	0.376332963	0	0	0
1973	11.27146658	0.42828627	0	0	0
1974	10.51919066	0.327989388	0	0	0
1975	10.29872584	2.770462396	0	0	0
1976	11.00371813	5.166275866	0	0	0
1977	8.915705897	6.424847769	0	0	0
1978	9.4098	7.7951	0	0	0
1979	9.18512793	7.625255861	0	0	0
1980	8.836952645	7.767405289	0	0	0
1981	8.960700671	7.222317144	0	0	0
1982	2.735165198	1.766019166	0	0	0
1983	2.534644699	1.944395824	0	0	0
1984	2.227541784	1.730825498	0	0	0
1985	2.997165202	1.346177519	0	0	0
1986	2.952073796	1.609709156	0	0	0
1987	0	1.25	0	0	0
1988	0.248630479	1.125	0	0	0
1989	0.281425905	0.75	0	0	0
1990	1.26707293	2.714025359	0	0	0
1991	0.9548803	2.720890682	0	0	0
1992	2.132252376	0.918647535	0	0	0
1993	1.640676977	1.540016289	0	0	0
1994	1.972802473	1.297635213	0	0	0
1995	1.908554076	1.714020396	0	0	0
1996	2.078339683	1.527069014	0	0	0
1997	2.296827248	1.28757704	0	0	0
1998	2.055740552	1.956036659	0	0	0
1999	2.661698484	1.141169665	0	0	0
2000	1.970740721	8.175458354	0	0	0
2001	11.75	0.15773791	0	0	0
2002	8.30335822	7.818216439	0	0	0
2003	8.931847004	7.502357624	0	0	0
2004	8.543494251	7.512827878	0	0	0
2005	8.733162449	7.340379683	0	0	0
2006	8.332625272	7.090374389	0	0	0
2007	8.702284655	7.002574978	0	0	0
2008	9.003305143	6.910395188	0	0	0
2009	8.53252005	6.779194553	0	0	0
2010	8.223253611	6.800322721	0	0	0
2011	8.070322971	7.023635842	0	0	0
2012	8.102593806	7.445634108	0	0	0
2013	7.841450917	7.253371061	0	0	0
2014	7.801004298	7.581789297	0	0	0
2015	7.623117556	7.10768836	0	0	0
2016	8.043872225	7.717657677	0	0	0
2017	8.08216219	8.003926248	0	0	0
2018	7.814205564	7.843191982	0	0	0
2019	8.340535975	8.087084736	0	0	0
2020	8.028728446	8.273753917	0	0	0
2021	8.560372769	7.919682285	0	0	0
2022	0.477596324	0.956090033	0	0	0
2023	0.74485189	0.50528898	0	0	0
2024	0.794973744	0.894221576	0	0	0
2025	0.547649487	0.692999552	0	0	0
2026	0.344708952	0.395360965	0	0	0
2027	1.138037796	0.726626806	0	0	0
2028	1.802496832	1.002101601	0	0	0
2029	1.78741253	0.478615003	0	0	0
2030	1.705080627	0.742948029	0	0	0
2031	1.425904946	0.583805007	0	0	0
2032	1.979304024	0.683372003	0	0	0
2033	2.134044211	0.346058931	0	0	0
2034	2.314344884	0.632920262	0	0	0
2035	1.131279331	0.351485746	0	0	0
2036	2.470113178	0.334922598	0	0	0
2037	2.444526247	0.91677111	0	0	0
2038	2.25	0	0	0	0
2039	2.75	0.191103527	0	0	0
2040	2.682705453	0.635758248	0	0	0
2041	3.120729066	0.417012426	0	0	0
2042	2.697219654	0.889503794	0	0	0
2043	3.010539311	0.744294086	0	0	0
2044	2.945982367	1.052954938	0	0	0
2045	3.313557053	0.664124355	0	0	0
2046	3.248992268	1.151142044	0	0	0
2047	3.58607879	0.743133246	0	0	0
2048	3.386624319	0.921599587	0	0	0
2049	0	0.25	0	0	0
2050	0.25	0	0	0	0
2051	0.595503551	0.265690488	0	0	0
2052	0.871135618	0.260227142	0	0	0
2053	1.539866444	0.30166423	0	0	0
2054	1.75	0	0	0	0
2055	1.875	0.230998699	0	0	0
2056	1.25	0	0	0	0
2057	3.75	0.205185293	0	0	0
2058	12.37302234	1.953458719	0	0	0
2059	3.312443176	6.851612701	0	0	0
2060	7.218484771	6.567553871	0	0	0
2061	11.6459	6.67705	0	0	0
2062	1.61516428	7.700721259	0	0	0
2063	1.913939351	7.669245523	0	0	0
2064	3.25	0.153604941	0	0	0
