1	2	1	6	7
2	3	2	7	8
3	4	3	8	9
4	5	4	9	10
5	5	10	11	11
6	7	6	12	13
7	8	7	13	14
8	9	8	14	15
9	10	9	15	16
10	11	10	16	17
11	11	17	18	18
12	13	12	19	20
13	14	13	20	21
14	15	14	21	22
15	16	15	22	23
16	17	16	23	24
17	18	17	24	25
18	18	25	26	26
19	20	19	27	28
20	21	20	28	29
21	22	21	29	30
22	23	22	30	31
23	24	23	31	32
24	25	24	32	33
25	26	25	33	34
26	26	34	35	35
27	28	27	36	37
28	29	28	37	38
29	30	29	38	39
30	31	30	39	40
31	32	31	40	41
32	33	32	41	42
33	34	33	42	43
34	35	34	43	44
35	35	44	45	45
36	37	36	46	47
37	38	37	47	48
38	39	38	48	49
39	40	39	49	50
40	41	40	50	51
41	42	41	51	52
42	43	42	52	53
43	44	43	53	54
44	45	44	54	55
45	45	55	56	56
46	47	46	57	58
47	48	47	58	59
48	49	48	59	60
49	50	49	60	61
50	51	50	61	62
51	52	51	62	63
52	53	52	63	64
53	54	53	64	65
54	55	54	65	66
55	56	55	66	67
56	56	67	68	68
57	58	57	69	70
58	59	58	70	71
59	60	59	71	72
60	61	60	72	73
61	62	61	73	74
62	63	62	74	75
63	64	63	75	76
64	65	64	76	77
65	66	65	77	78
66	67	66	78	79
67	68	67	79	80
68	68	80	81	81
69	70	69	82	83
70	71	70	83	84
71	72	71	84	85
72	73	72	85	86
73	74	73	86	87
74	75	74	87	88
75	76	75	88	89
76	77	76	89	90
77	78	77	90	91
78	79	78	91	92
79	80	79	92	93
80	81	80	93	94
81	81	94	95	95
82	83	82	96	97
83	84	83	97	98
84	85	84	98	99
85	86	85	99	100
86	87	86	100	101
87	88	87	101	102
88	89	88	102	103
89	90	89	103	104
90	91	90	104	105
91	92	91	105	106
92	93	92	106	107
93	94	93	107	108
94	95	94	108	109
95	95	109	110	110
96	97	96	111	112
97	98	97	112	113
98	99	98	113	114
99	100	99	114	115
100	101	100	115	116
101	102	101	116	117
102	103	102	117	118
103	104	103	118	119
104	105	104	119	120
105	106	105	120	121
106	107	106	121	122
107	108	107	122	123
108	109	108	123	124
109	110	109	124	125
110	110	125	126	126
111	112	111	127	128
112	113	112	128	129
113	114	113	129	130
114	115	114	130	131
115	116	115	131	132
116	117	116	132	133
117	118	117	133	134
118	119	118	134	135
119	120	119	135	136
120	121	120	136	137
121	122	121	137	138
122	123	122	138	139
123	124	123	139	140
124	125	124	140	141
125	126	125	141	142
126	126	142	143	143
127	128	127	144	145
128	129	128	145	146
129	130	129	146	147
130	131	130	147	148
131	132	131	148	149
132	133	132	149	150
133	134	133	150	151
134	135	134	151	152
135	136	135	152	153
136	137	136	153	154
137	138	137	154	155
138	139	138	155	156
139	140	139	156	157
140	141	140	157	158
141	142	141	158	159
142	143	142	159	160
143	143	160	161	161
144	145	144	162	163
145	146	145	163	164
146	147	146	164	165
147	148	147	165	166
148	149	148	166	167
149	150	149	167	168
150	151	150	168	169
151	152	151	169	170
152	153	152	170	171
153	154	153	171	172
154	155	154	172	173
155	156	155	173	174
156	157	156	174	175
157	158	157	175	176
158	159	158	176	177
159	160	159	177	178
160	161	160	178	179
161	161	179	180	180
162	163	162	181	182
163	164	163	182	183
164	165	164	183	184
165	166	165	184	185
166	167	166	185	186
167	168	167	186	187
168	169	168	187	188
169	170	169	188	189
170	171	170	189	190
171	172	171	190	191
172	173	172	191	192
173	174	173	192	193
174	175	174	193	194
175	176	175	194	195
176	177	176	195	196
177	178	177	196	197
178	179	178	197	198
179	180	179	198	199
180	180	199	200	200
181	182	181	201	202
182	183	182	202	203
183	184	183	203	204
184	185	184	204	205
185	186	185	205	206
186	187	186	206	207
187	188	187	207	208
188	189	188	208	209
189	190	189	209	210
190	191	190	210	211
191	192	191	211	212
192	193	192	212	213
193	194	193	213	214
194	195	194	214	215
195	196	195	215	216
196	197	196	216	217
197	198	197	217	218
198	199	198	218	219
199	200	199	219	220
200	200	220	221	221
201	202	201	222	223
202	203	202	223	224
203	204	203	224	225
204	205	204	225	226
205	206	205	226	227
206	207	206	227	228
207	208	207	228	229
208	209	208	229	230
209	210	209	230	231
210	211	210	231	232
211	212	211	232	233
212	213	212	233	234
213	214	213	234	235
214	215	214	235	236
215	216	215	236	237
216	217	216	237	238
217	218	217	238	239
218	219	218	239	240
219	220	219	240	241
220	221	220	241	242
221	221	242	243	243
222	223	222	244	245
223	224	223	245	246
224	225	224	246	247
225	226	225	247	248
226	227	226	248	249
227	228	227	249	250
228	229	228	250	251
229	230	229	251	252
230	231	230	252	253
231	232	231	253	254
232	233	232	254	255
233	234	233	255	256
234	235	234	256	257
235	236	235	257	258
236	237	236	258	259
237	238	237	259	260
238	239	238	260	261
239	240	239	261	262
240	241	240	262	263
241	242	241	263	264
242	243	242	264	265
243	243	265	266	266
244	245	244	267	268
245	246	245	268	269
246	247	246	269	270
247	248	247	270	271
248	249	248	271	272
249	250	249	272	273
250	251	250	273	274
251	252	251	274	275
252	253	252	275	276
253	254	253	276	277
254	255	254	277	278
255	256	255	278	279
256	257	256	279	280
257	258	257	280	281
258	259	258	281	282
259	260	259	282	283
260	261	260	283	284
261	262	261	284	285
262	263	262	285	286
263	264	263	286	287
264	265	264	287	288
265	266	265	288	289
266	266	289	290	290
267	268	267	291	292
268	269	268	292	293
269	270	269	293	294
270	271	270	294	295
271	272	271	295	296
272	273	272	296	297
273	274	273	297	298
274	275	274	298	299
275	276	275	299	300
276	277	276	300	301
277	278	277	301	302
278	279	278	302	303
279	280	279	303	304
280	281	280	304	305
281	282	281	305	306
282	283	282	306	307
283	284	283	307	308
284	285	284	308	309
285	286	285	309	310
286	287	286	310	311
287	288	287	311	312
288	289	288	312	313
289	290	289	313	314
290	290	314	315	315
291	292	291	316	317
292	293	292	317	318
293	294	293	318	319
294	295	294	319	320
295	296	295	320	321
296	297	296	321	322
297	298	297	322	323
298	299	298	323	324
299	300	299	324	325
300	301	300	325	326
301	302	301	326	327
302	303	302	327	328
303	304	303	328	329
304	305	304	329	330
305	306	305	330	331
306	307	306	331	332
307	308	307	332	333
308	309	308	333	334
309	310	309	334	335
310	311	310	335	336
311	312	311	336	337
312	313	312	337	338
313	314	313	338	339
314	315	314	339	340
315	315	340	341	341
316	317	316	342	343
317	318	317	343	344
318	319	318	344	345
319	320	319	345	346
320	321	320	346	347
321	322	321	347	348
322	323	322	348	349
323	324	323	349	350
324	325	324	350	351
325	326	325	351	352
326	327	326	352	353
327	328	327	353	354
328	329	328	354	355
329	330	329	355	356
330	331	330	356	357
331	332	331	357	358
332	333	332	358	359
333	334	333	359	360
334	335	334	360	361
335	336	335	361	362
336	337	336	362	363
337	338	337	363	364
338	339	338	364	365
339	340	339	365	366
340	341	340	366	367
341	341	367	368	368
342	343	342	369	370
343	344	343	370	371
344	345	344	371	372
345	346	345	372	373
346	347	346	373	374
347	348	347	374	375
348	349	348	375	376
349	350	349	376	377
350	351	350	377	378
351	352	351	378	379
352	353	352	379	380
353	354	353	380	381
354	355	354	381	382
355	356	355	382	383
356	357	356	383	384
357	358	357	384	385
358	359	358	385	386
359	360	359	386	387
360	361	360	387	388
361	362	361	388	389
362	363	362	389	390
363	364	363	390	391
364	365	364	391	392
365	366	365	392	393
366	367	366	393	394
367	368	367	394	395
368	368	395	396	396
369	370	369	397	398
370	371	370	398	399
371	372	371	399	400
372	373	372	400	401
373	374	373	401	402
374	375	374	402	403
375	376	375	403	404
376	377	376	404	405
377	378	377	405	406
378	379	378	406	407
379	380	379	407	408
380	381	380	408	409
381	382	381	409	410
382	383	382	410	411
383	384	383	411	412
384	385	384	412	413
385	386	385	413	414
386	387	386	414	415
387	388	387	415	416
388	389	388	416	417
389	390	389	417	418
390	391	390	418	419
391	392	391	419	420
392	393	392	420	421
393	394	393	421	422
394	395	394	422	423
395	396	395	423	424
396	396	424	425	425
397	398	397	426	427
398	399	398	427	428
399	400	399	428	429
400	401	400	429	430
401	402	401	430	431
402	403	402	431	432
403	404	403	432	433
404	405	404	433	434
405	406	405	434	435
406	407	406	435	436
407	408	407	436	437
408	409	408	437	438
409	410	409	438	439
410	411	410	439	440
411	412	411	440	441
412	413	412	441	442
413	414	413	442	443
414	415	414	443	444
415	416	415	444	445
416	417	416	445	446
417	418	417	446	447
418	419	418	447	448
419	420	419	448	449
420	421	420	449	450
421	422	421	450	451
422	423	422	451	452
423	424	423	452	453
424	425	424	453	454
425	425	454	455	455
426	427	426	456	457
427	428	427	457	458
428	429	428	458	459
429	430	429	459	460
430	431	430	460	461
431	432	431	461	462
432	433	432	462	463
433	434	433	463	464
434	435	434	464	465
435	436	435	465	466
436	437	436	466	467
437	438	437	467	468
438	439	438	468	469
439	440	439	469	470
440	441	440	470	471
441	442	441	471	472
442	443	442	472	473
443	444	443	473	474
444	445	444	474	475
445	446	445	475	476
446	447	446	476	477
447	448	447	477	478
448	449	448	478	479
449	450	449	479	480
450	451	450	480	481
451	452	451	481	482
452	453	452	482	483
453	454	453	483	484
454	455	454	484	485
455	455	485	486	486
456	457	456	487	488
457	458	457	488	489
458	459	458	489	490
459	460	459	490	491
460	461	460	491	492
461	462	461	492	493
462	463	462	493	494
463	464	463	494	495
464	465	464	495	496
465	466	465	496	497
466	467	466	497	498
467	468	467	498	499
468	469	468	499	500
469	470	469	500	501
470	471	470	501	502
471	472	471	502	503
472	473	472	503	504
473	474	473	504	505
474	475	474	505	506
475	476	475	506	507
476	477	476	507	508
477	478	477	508	509
478	479	478	509	510
479	480	479	510	511
480	481	480	511	512
481	482	481	512	513
482	483	482	513	514
483	484	483	514	515
484	485	484	515	516
485	486	485	516	517
486	486	517	518	518
487	488	487	519	520
488	489	488	520	521
489	490	489	521	522
490	491	490	522	523
491	492	491	523	524
492	493	492	524	525
493	494	493	525	526
494	495	494	526	527
495	496	495	527	528
496	497	496	528	529
497	498	497	529	530
498	499	498	530	531
499	500	499	531	532
500	501	500	532	533
501	502	501	533	534
502	503	502	534	535
503	504	503	535	536
504	505	504	536	537
505	506	505	537	538
506	507	506	538	539
507	508	507	539	540
508	509	508	540	541
509	510	509	541	542
510	511	510	542	543
511	512	511	543	544
512	513	512	544	545
513	514	513	545	546
514	515	514	546	547
515	516	515	547	548
516	517	516	548	549
517	518	517	549	550
518	518	550	551	551
519	520	519	552	553
520	521	520	553	554
521	522	521	554	555
522	523	522	555	556
523	524	523	556	557
524	525	524	557	558
525	526	525	558	559
526	527	526	559	560
527	528	527	560	561
528	529	528	561	562
529	530	529	562	563
530	531	530	563	564
531	532	531	564	565
532	533	532	565	566
533	534	533	566	567
534	535	534	567	568
535	536	535	568	569
536	537	536	569	570
537	538	537	570	571
538	539	538	571	572
539	540	539	572	573
540	541	540	573	574
541	542	541	574	575
542	543	542	575	576
543	544	543	576	577
544	545	544	577	578
545	546	545	578	579
546	547	546	579	580
547	548	547	580	581
548	549	548	581	582
549	550	549	582	583
550	551	550	583	584
551	553	552	585	586
552	554	553	586	587
553	555	554	587	588
554	556	555	588	589
555	557	556	589	590
556	558	557	590	591
557	559	558	591	592
558	560	559	592	593
559	561	560	593	594
560	562	561	594	595
561	563	562	595	596
562	564	563	596	597
563	565	564	597	598
564	566	565	598	599
565	567	566	599	600
566	568	567	600	601
567	569	568	601	602
568	570	569	602	603
569	571	570	603	604
570	572	571	604	605
571	573	572	605	606
572	574	573	606	607
573	575	574	607	608
574	576	575	608	609
575	577	576	609	610
576	578	577	610	611
577	579	578	611	612
578	580	579	612	613
579	581	580	613	614
580	582	581	614	615
581	583	582	615	616
582	584	583	616	617
583	586	585	618	619
584	587	586	619	620
585	588	587	620	621
586	589	588	621	622
587	590	589	622	623
588	591	590	623	624
589	592	591	624	625
590	593	592	625	626
591	594	593	626	627
592	595	594	627	628
593	596	595	628	629
594	597	596	629	630
595	598	597	630	631
596	599	598	631	632
597	600	599	632	633
598	601	600	633	634
599	602	601	634	635
600	603	602	635	636
601	604	603	636	637
602	605	604	637	638
603	606	605	638	639
604	607	606	639	640
605	608	607	640	641
606	609	608	641	642
607	610	609	642	643
608	611	610	643	644
609	612	611	644	645
610	613	612	645	646
611	614	613	646	647
612	615	614	647	648
613	616	615	648	649
614	617	616	649	650
615	619	618	651	652
616	620	619	652	653
617	621	620	653	654
618	622	621	654	655
619	623	622	655	656
620	624	623	656	657
621	625	624	657	658
622	626	625	658	659
623	627	626	659	660
624	628	627	660	661
625	629	628	661	662
626	630	629	662	663
627	631	630	663	664
628	632	631	664	665
629	633	632	665	666
630	634	633	666	667
631	635	634	667	668
632	636	635	668	669
633	637	636	669	670
634	638	637	670	671
635	639	638	671	672
636	640	639	672	673
637	641	640	673	674
638	642	641	674	675
639	643	642	675	676
640	644	643	676	677
641	645	644	677	678
642	646	645	678	679
643	647	646	679	680
644	648	647	680	681
645	649	648	681	682
646	650	649	682	683
647	652	651	684	685
648	653	652	685	686
649	654	653	686	687
650	655	654	687	688
651	656	655	688	689
652	657	656	689	690
653	658	657	690	691
654	659	658	691	692
655	660	659	692	693
656	661	660	693	694
657	662	661	694	695
658	663	662	695	696
659	664	663	696	697
660	665	664	697	698
661	666	665	698	699
662	667	666	699	700
663	668	667	700	701
664	669	668	701	702
665	670	669	702	703
666	671	670	703	704
667	672	671	704	705
668	673	672	705	706
669	674	673	706	707
670	675	674	707	708
671	676	675	708	709
672	677	676	709	710
673	678	677	710	711
674	679	678	711	712
675	680	679	712	713
676	681	680	713	714
677	682	681	714	715
678	683	682	715	716
679	685	684	717	718
680	686	685	718	719
681	687	686	719	720
682	688	687	720	721
683	689	688	721	722
684	690	689	722	723
685	691	690	723	724
686	692	691	724	725
687	693	692	725	726
688	694	693	726	727
689	695	694	727	728
690	696	695	728	729
691	697	696	729	730
692	698	697	730	731
693	699	698	731	732
694	700	699	732	733
695	701	700	733	734
696	702	701	734	735
697	703	702	735	736
698	704	703	736	737
699	705	704	737	738
700	706	705	738	739
701	707	706	739	740
702	708	707	740	741
703	709	708	741	742
704	710	709	742	743
705	711	710	743	744
706	712	711	744	745
707	713	712	745	746
708	714	713	746	747
709	715	714	747	748
710	716	715	748	749
711	718	717	750	751
712	719	718	751	752
713	720	719	752	753
714	721	720	753	754
715	722	721	754	755
716	723	722	755	756
717	724	723	756	757
718	725	724	757	758
719	726	725	758	759
720	727	726	759	760
721	728	727	760	761
722	729	728	761	762
723	730	729	762	763
724	731	730	763	764
725	732	731	764	765
726	733	732	765	766
727	734	733	766	767
728	735	734	767	768
729	736	735	768	769
730	737	736	769	770
731	738	737	770	771
732	739	738	771	772
733	740	739	772	773
734	741	740	773	774
735	742	741	774	775
736	743	742	775	776
737	744	743	776	777
738	745	744	777	778
739	746	745	778	779
740	747	746	779	780
741	748	747	780	781
742	749	748	781	782
743	751	750	783	784
744	752	751	784	785
745	753	752	785	786
746	754	753	786	787
747	755	754	787	788
748	756	755	788	789
749	757	756	789	790
750	758	757	790	791
751	759	758	791	792
752	760	759	792	793
753	761	760	793	794
754	762	761	794	795
755	763	762	795	796
756	764	763	796	797
757	765	764	797	798
758	766	765	798	799
759	767	766	799	800
760	768	767	800	801
761	769	768	801	802
762	770	769	802	803
763	771	770	803	804
764	772	771	804	805
765	773	772	805	806
766	774	773	806	807
767	775	774	807	808
768	776	775	808	809
769	777	776	809	810
770	778	777	810	811
771	779	778	811	812
772	780	779	812	813
773	781	780	813	814
774	782	781	814	815
775	784	783	816	817
776	785	784	817	818
777	786	785	818	819
778	787	786	819	820
779	788	787	820	821
780	789	788	821	822
781	790	789	822	823
782	791	790	823	824
783	792	791	824	825
784	793	792	825	826
785	794	793	826	827
786	795	794	827	828
787	796	795	828	829
788	797	796	829	830
789	798	797	830	831
790	799	798	831	832
791	800	799	832	833
792	801	800	833	834
793	802	801	834	835
794	803	802	835	836
795	804	803	836	837
796	805	804	837	838
797	806	805	838	839
798	807	806	839	840
799	808	807	840	841
800	809	808	841	842
801	810	809	842	843
802	811	810	843	844
803	812	811	844	845
804	813	812	845	846
805	814	813	846	847
806	815	814	847	848
807	817	816	849	850
808	818	817	850	851
809	819	818	851	852
810	820	819	852	853
811	821	820	853	854
812	822	821	854	855
813	823	822	855	856
814	824	823	856	857
815	825	824	857	858
816	826	825	858	859
817	827	826	859	860
818	828	827	860	861
819	829	828	861	862
820	830	829	862	863
821	831	830	863	864
822	832	831	864	865
823	833	832	865	866
824	834	833	866	867
825	835	834	867	868
826	836	835	868	869
827	837	836	869	870
828	838	837	870	871
829	839	838	871	872
830	840	839	872	873
831	841	840	873	874
832	842	841	874	875
833	843	842	875	876
834	844	843	876	877
835	845	844	877	878
836	846	845	878	879
837	847	846	879	880
838	848	847	880	881
839	850	849	882	883
840	851	850	883	884
841	852	851	884	885
842	853	852	885	886
843	854	853	886	887
844	855	854	887	888
845	856	855	888	889
846	857	856	889	890
847	858	857	890	891
848	859	858	891	892
849	860	859	892	893
850	861	860	893	894
851	862	861	894	895
852	863	862	895	896
853	864	863	896	897
854	865	864	897	898
855	866	865	898	899
856	867	866	899	900
857	868	867	900	901
858	869	868	901	902
859	870	869	902	903
860	871	870	903	904
861	872	871	904	905
862	873	872	905	906
863	874	873	906	907
864	875	874	907	908
865	876	875	908	909
866	877	876	909	910
867	878	877	910	911
868	879	878	911	912
869	880	879	912	913
870	881	880	913	914
871	883	882	915	916
872	884	883	916	917
873	885	884	917	918
874	886	885	918	919
875	887	886	919	920
876	888	887	920	921
877	889	888	921	922
878	890	889	922	923
879	891	890	923	924
880	892	891	924	925
881	893	892	925	926
882	894	893	926	927
883	895	894	927	928
884	896	895	928	929
885	897	896	929	930
886	898	897	930	931
887	899	898	931	932
888	900	899	932	933
889	901	900	933	934
890	902	901	934	935
891	903	902	935	936
892	904	903	936	937
893	905	904	937	938
894	906	905	938	939
895	907	906	939	940
896	908	907	940	941
897	909	908	941	942
898	910	909	942	943
899	911	910	943	944
900	912	911	944	945
901	913	912	945	946
902	914	913	946	947
903	916	915	948	949
904	917	916	949	950
905	918	917	950	951
906	919	918	951	952
907	920	919	952	953
908	921	920	953	954
909	922	921	954	955
910	923	922	955	956
911	924	923	956	957
912	925	924	957	958
913	926	925	958	959
914	927	926	959	960
915	928	927	960	961
916	929	928	961	962
917	930	929	962	963
918	931	930	963	964
919	932	931	964	965
920	933	932	965	966
921	934	933	966	967
922	935	934	967	968
923	936	935	968	969
924	937	936	969	970
925	938	937	970	971
926	939	938	971	972
927	940	939	972	973
928	941	940	973	974
929	942	941	974	975
930	943	942	975	976
931	944	943	976	977
932	945	944	977	978
933	946	945	978	979
934	947	946	979	980
935	949	948	981	982
936	950	949	982	983
937	951	950	983	984
938	952	951	984	985
939	953	952	985	986
940	954	953	986	987
941	955	954	987	988
942	956	955	988	989
943	957	956	989	990
944	958	957	990	991
945	959	958	991	992
946	960	959	992	993
947	961	960	993	994
948	962	961	994	995
949	963	962	995	996
950	964	963	996	997
951	965	964	997	998
952	966	965	998	999
953	967	966	999	1000
954	968	967	1000	1001
955	969	968	1001	1002
956	970	969	1002	1003
957	971	970	1003	1004
958	972	971	1004	1005
959	973	972	1005	1006
960	974	973	1006	1007
961	975	974	1007	1008
962	976	975	1008	1009
963	977	976	1009	1010
964	978	977	1010	1011
965	979	978	1011	1012
966	980	979	1012	1013
967	982	981	1014	1015
968	983	982	1015	1016
969	984	983	1016	1017
970	985	984	1017	1018
971	986	985	1018	1019
972	987	986	1019	1020
973	988	987	1020	1021
974	989	988	1021	1022
975	990	989	1022	1023
976	991	990	1023	1024
977	992	991	1024	1025
978	993	992	1025	1026
979	994	993	1026	1027
980	995	994	1027	1028
981	996	995	1028	1029
982	997	996	1029	1030
983	998	997	1030	1031
984	999	998	1031	1032
985	1000	999	1032	1033
986	1001	1000	1033	1034
987	1002	1001	1034	1035
988	1003	1002	1035	1036
989	1004	1003	1036	1037
990	1005	1004	1037	1038
991	1006	1005	1038	1039
992	1007	1006	1039	1040
993	1008	1007	1040	1041
994	1009	1008	1041	1042
995	1010	1009	1042	1043
996	1011	1010	1043	1044
997	1012	1011	1044	1045
998	1013	1012	1045	1046
999	1015	1014	1047	1048
1000	1016	1015	1048	1049
1001	1017	1016	1049	1050
1002	1018	1017	1050	1051
1003	1019	1018	1051	1052
1004	1020	1019	1052	1053
1005	1021	1020	1053	1054
1006	1022	1021	1054	1055
1007	1023	1022	1055	1056
1008	1024	1023	1056	1057
1009	1025	1024	1057	1058
1010	1026	1025	1058	1059
1011	1027	1026	1059	1060
1012	1028	1027	1060	1061
1013	1029	1028	1061	1062
1014	1030	1029	1062	1063
1015	1031	1030	1063	1064
1016	1032	1031	1064	1065
1017	1033	1032	1065	1066
1018	1034	1033	1066	1067
1019	1035	1034	1067	1068
1020	1036	1035	1068	1069
1021	1037	1036	1069	1070
1022	1038	1037	1070	1071
1023	1039	1038	1071	1072
1024	1040	1039	1072	1073
1025	1041	1040	1073	1074
1026	1042	1041	1074	1075
1027	1043	1042	1075	1076
1028	1044	1043	1076	1077
1029	1045	1044	1077	1078
1030	1046	1045	1078	1079
1031	1048	1047	1080	1081
1032	1049	1048	1081	1082
1033	1050	1049	1082	1083
1034	1051	1050	1083	1084
1035	1052	1051	1084	1085
1036	1053	1052	1085	1086
1037	1054	1053	1086	1087
1038	1055	1054	1087	1088
1039	1056	1055	1088	1089
1040	1057	1056	1089	1090
1041	1058	1057	1090	1091
1042	1059	1058	1091	1092
1043	1060	1059	1092	1093
1044	1061	1060	1093	1094
1045	1062	1061	1094	1095
1046	1063	1062	1095	1096
1047	1064	1063	1096	1097
1048	1065	1064	1097	1098
1049	1066	1065	1098	1099
1050	1067	1066	1099	1100
1051	1068	1067	1100	1101
1052	1069	1068	1101	1102
1053	1070	1069	1102	1103
1054	1071	1070	1103	1104
1055	1072	1071	1104	1105
1056	1073	1072	1105	1106
1057	1074	1073	1106	1107
1058	1075	1074	1107	1108
1059	1076	1075	1108	1109
1060	1077	1076	1109	1110
1061	1078	1077	1110	1111
1062	1079	1078	1111	1112
1063	1081	1080	1113	1114
1064	1082	1081	1114	1115
1065	1083	1082	1115	1116
1066	1084	1083	1116	1117
1067	1085	1084	1117	1118
1068	1086	1085	1118	1119
1069	1087	1086	1119	1120
1070	1088	1087	1120	1121
1071	1089	1088	1121	1122
1072	1090	1089	1122	1123
1073	1091	1090	1123	1124
1074	1092	1091	1124	1125
1075	1093	1092	1125	1126
1076	1094	1093	1126	1127
1077	1095	1094	1127	1128
1078	1096	1095	1128	1129
1079	1097	1096	1129	1130
1080	1098	1097	1130	1131
1081	1099	1098	1131	1132
1082	1100	1099	1132	1133
1083	1101	1100	1133	1134
1084	1102	1101	1134	1135
1085	1103	1102	1135	1136
1086	1104	1103	1136	1137
1087	1105	1104	1137	1138
1088	1106	1105	1138	1139
1089	1107	1106	1139	1140
1090	1108	1107	1140	1141
1091	1109	1108	1141	1142
1092	1110	1109	1142	1143
1093	1111	1110	1143	1144
1094	1112	1111	1144	1145
1095	1114	1113	1146	1147
1096	1115	1114	1147	1148
1097	1116	1115	1148	1149
1098	1117	1116	1149	1150
1099	1118	1117	1150	1151
1100	1119	1118	1151	1152
1101	1120	1119	1152	1153
1102	1121	1120	1153	1154
1103	1122	1121	1154	1155
1104	1123	1122	1155	1156
1105	1124	1123	1156	1157
1106	1125	1124	1157	1158
1107	1126	1125	1158	1159
1108	1127	1126	1159	1160
1109	1128	1127	1160	1161
1110	1129	1128	1161	1162
1111	1130	1129	1162	1163
1112	1131	1130	1163	1164
1113	1132	1131	1164	1165
1114	1133	1132	1165	1166
1115	1134	1133	1166	1167
1116	1135	1134	1167	1168
1117	1136	1135	1168	1169
1118	1137	1136	1169	1170
1119	1138	1137	1170	1171
1120	1139	1138	1171	1172
1121	1140	1139	1172	1173
1122	1141	1140	1173	1174
1123	1142	1141	1174	1175
1124	1143	1142	1175	1176
1125	1144	1143	1176	1177
1126	1145	1144	1177	1178
1127	1147	1146	1179	1180
1128	1148	1147	1180	1181
1129	1149	1148	1181	1182
1130	1150	1149	1182	1183
1131	1151	1150	1183	1184
1132	1152	1151	1184	1185
1133	1153	1152	1185	1186
1134	1154	1153	1186	1187
1135	1155	1154	1187	1188
1136	1156	1155	1188	1189
1137	1157	1156	1189	1190
1138	1158	1157	1190	1191
1139	1159	1158	1191	1192
1140	1160	1159	1192	1193
1141	1161	1160	1193	1194
1142	1162	1161	1194	1195
1143	1163	1162	1195	1196
1144	1164	1163	1196	1197
1145	1165	1164	1197	1198
1146	1166	1165	1198	1199
1147	1167	1166	1199	1200
1148	1168	1167	1200	1201
1149	1169	1168	1201	1202
1150	1170	1169	1202	1203
1151	1171	1170	1203	1204
1152	1172	1171	1204	1205
1153	1173	1172	1205	1206
1154	1174	1173	1206	1207
1155	1175	1174	1207	1208
1156	1176	1175	1208	1209
1157	1177	1176	1209	1210
1158	1178	1177	1210	1211
