1	0.00E+00	0.00E+00	3.23E-01
2	0.00E+00	5.00E-02	2.72E-01
3	0.00E+00	1.00E-01	2.18E-01
4	0.00E+00	1.50E-01	1.62E-01
5	0.00E+00	2.00E-01	1.00E-01
6	4.99E-02	0.00E+00	3.25E-01
7	4.99E-02	5.00E-02	2.73E-01
8	4.99E-02	1.00E-01	2.20E-01
9	4.99E-02	1.50E-01	1.63E-01
10	4.99E-02	2.00E-01	1.05E-01
11	4.99E-02	2.25E-01	7.49E-02
12	1.00E-01	0.00E+00	3.28E-01
13	1.00E-01	5.00E-02	2.77E-01
14	1.00E-01	1.00E-01	2.24E-01
15	1.00E-01	1.50E-01	1.68E-01
16	1.00E-01	2.00E-01	1.10E-01
17	1.00E-01	2.25E-01	8.01E-02
18	1.00E-01	2.50E-01	4.99E-02
19	1.50E-01	0.00E+00	3.34E-01
20	1.50E-01	5.00E-02	2.83E-01
21	1.50E-01	1.00E-01	2.30E-01
22	1.50E-01	1.50E-01	1.75E-01
23	1.50E-01	2.00E-01	1.17E-01
24	1.50E-01	2.25E-01	8.73E-02
25	1.50E-01	2.50E-01	5.65E-02
26	1.50E-01	2.75E-01	2.50E-02
27	2.00E-01	0.00E+00	3.42E-01
28	2.00E-01	5.00E-02	2.91E-01
29	2.00E-01	1.00E-01	2.38E-01
30	2.00E-01	1.50E-01	1.84E-01
31	2.00E-01	2.00E-01	1.27E-01
32	2.00E-01	2.25E-01	9.80E-02
33	2.00E-01	2.50E-01	6.75E-02
34	2.00E-01	2.75E-01	3.53E-02
35	2.00E-01	3.00E-01	0.00E+00
36	2.60E-01	0.00E+00	3.53E-01
37	2.60E-01	5.00E-02	3.03E-01
38	2.60E-01	1.00E-01	2.51E-01
39	2.60E-01	1.50E-01	1.98E-01
40	2.60E-01	2.00E-01	1.43E-01
41	2.60E-01	2.25E-01	1.15E-01
42	2.60E-01	2.50E-01	8.75E-02
43	2.60E-01	2.75E-01	5.97E-02
44	2.60E-01	3.00E-01	3.29E-02
45	2.60E-01	3.30E-01	0.00E+00
46	3.20E-01	0.00E+00	3.66E-01
47	3.20E-01	5.00E-02	3.16E-01
48	3.20E-01	1.00E-01	2.65E-01
49	3.20E-01	1.50E-01	2.13E-01
50	3.20E-01	2.00E-01	1.61E-01
51	3.20E-01	2.25E-01	1.35E-01
52	3.20E-01	2.50E-01	1.09E-01
53	3.20E-01	2.75E-01	8.35E-02
54	3.20E-01	3.00E-01	5.82E-02
55	3.20E-01	3.30E-01	2.89E-02
56	3.20E-01	3.60E-01	0.00E+00
57	3.80E-01	0.00E+00	3.81E-01
58	3.80E-01	5.00E-02	3.31E-01
59	3.80E-01	1.00E-01	2.80E-01
60	3.80E-01	1.50E-01	2.29E-01
61	3.80E-01	2.00E-01	1.79E-01
62	3.80E-01	2.25E-01	1.54E-01
63	3.80E-01	2.50E-01	1.29E-01
64	3.80E-01	2.75E-01	1.05E-01
65	3.80E-01	3.00E-01	8.05E-02
66	3.80E-01	3.30E-01	5.24E-02
67	3.80E-01	3.60E-01	2.55E-02
68	3.80E-01	3.90E-01	0.00E+00
69	4.40E-01	0.00E+00	3.96E-01
70	4.40E-01	5.00E-02	3.46E-01
71	4.40E-01	1.00E-01	2.95E-01
72	4.40E-01	1.50E-01	2.46E-01
73	4.40E-01	2.00E-01	1.96E-01
74	4.40E-01	2.25E-01	1.72E-01
75	4.40E-01	2.50E-01	1.47E-01
76	4.40E-01	2.75E-01	1.23E-01
77	4.40E-01	3.00E-01	9.98E-02
78	4.40E-01	3.30E-01	7.20E-02
79	4.40E-01	3.60E-01	4.47E-02
80	4.40E-01	3.90E-01	1.78E-02
81	4.40E-01	4.20E-01	-8.15E-03
82	5.00E-01	0.00E+00	4.10E-01
83	5.00E-01	5.00E-02	3.61E-01
84	5.00E-01	1.00E-01	3.11E-01
85	5.00E-01	1.50E-01	2.61E-01
86	5.00E-01	2.00E-01	2.13E-01
87	5.00E-01	2.25E-01	1.88E-01
88	5.00E-01	2.50E-01	1.64E-01
89	5.00E-01	2.75E-01	1.40E-01
90	5.00E-01	3.00E-01	1.17E-01
91	5.00E-01	3.30E-01	8.87E-02
92	5.00E-01	3.60E-01	6.12E-02
93	5.00E-01	3.90E-01	3.40E-02
94	5.00E-01	4.20E-01	7.05E-03
95	5.00E-01	4.50E-01	-1.94E-02
96	5.60E-01	0.00E+00	4.25E-01
97	5.60E-01	5.00E-02	3.75E-01
98	5.60E-01	1.00E-01	3.26E-01
99	5.60E-01	1.50E-01	2.76E-01
100	5.60E-01	2.00E-01	2.28E-01
101	5.60E-01	2.25E-01	2.04E-01
102	5.60E-01	2.50E-01	1.80E-01
103	5.60E-01	2.75E-01	1.56E-01
104	5.60E-01	3.00E-01	1.32E-01
105	5.60E-01	3.30E-01	1.04E-01
106	5.60E-01	3.60E-01	7.62E-02
107	5.60E-01	3.90E-01	4.86E-02
108	5.60E-01	4.20E-01	2.12E-02
109	5.60E-01	4.50E-01	-5.82E-03
110	5.60E-01	4.80E-01	-3.26E-02
111	6.20E-01	0.00E+00	4.39E-01
112	6.20E-01	5.00E-02	3.90E-01
113	6.20E-01	1.00E-01	3.40E-01
114	6.20E-01	1.50E-01	2.91E-01
115	6.20E-01	2.00E-01	2.42E-01
116	6.20E-01	2.25E-01	2.18E-01
117	6.20E-01	2.50E-01	1.94E-01
118	6.20E-01	2.75E-01	1.70E-01
119	6.20E-01	3.00E-01	1.47E-01
120	6.20E-01	3.30E-01	1.18E-01
121	6.20E-01	3.60E-01	9.02E-02
122	6.20E-01	3.90E-01	6.23E-02
123	6.20E-01	4.20E-01	3.46E-02
124	6.20E-01	4.50E-01	7.11E-03
125	6.20E-01	4.80E-01	-2.02E-02
126	6.20E-01	5.10E-01	-4.73E-02
127	6.80E-01	0.00E+00	4.53E-01
128	6.80E-01	5.00E-02	4.03E-01
129	6.80E-01	1.00E-01	3.54E-01
130	6.80E-01	1.50E-01	3.05E-01
131	6.80E-01	2.00E-01	2.56E-01
132	6.80E-01	2.25E-01	2.32E-01
133	6.80E-01	2.50E-01	2.08E-01
134	6.80E-01	2.75E-01	1.84E-01
135	6.80E-01	3.00E-01	1.60E-01
136	6.80E-01	3.30E-01	1.32E-01
137	6.80E-01	3.60E-01	1.03E-01
138	6.80E-01	3.90E-01	7.51E-02
139	6.80E-01	4.20E-01	4.71E-02
140	6.80E-01	4.50E-01	1.93E-02
141	6.80E-01	4.80E-01	-8.45E-03
142	6.80E-01	5.10E-01	-3.60E-02
143	6.80E-01	5.40E-01	-6.33E-02
144	7.40E-01	0.00E+00	4.66E-01
145	7.40E-01	5.00E-02	4.17E-01
146	7.40E-01	1.00E-01	3.67E-01
147	7.40E-01	1.50E-01	3.18E-01
148	7.40E-01	2.00E-01	2.69E-01
149	7.40E-01	2.25E-01	2.45E-01
150	7.40E-01	2.50E-01	2.21E-01
151	7.40E-01	2.75E-01	1.97E-01
152	7.40E-01	3.00E-01	1.73E-01
153	7.40E-01	3.30E-01	1.44E-01
154	7.40E-01	3.60E-01	1.16E-01
155	7.40E-01	3.90E-01	8.74E-02
156	7.40E-01	4.20E-01	5.91E-02
157	7.40E-01	4.50E-01	3.09E-02
158	7.40E-01	4.80E-01	2.80E-03
159	7.40E-01	5.10E-01	-2.52E-02
160	7.40E-01	5.40E-01	-5.31E-02
161	7.40E-01	5.70E-01	-8.07E-02
162	8.00E-01	0.00E+00	4.79E-01
163	8.00E-01	5.00E-02	4.29E-01
164	8.00E-01	1.00E-01	3.80E-01
165	8.00E-01	1.50E-01	3.31E-01
166	8.00E-01	2.00E-01	2.82E-01
167	8.00E-01	2.25E-01	2.58E-01
168	8.00E-01	2.50E-01	2.33E-01
169	8.00E-01	2.75E-01	2.09E-01
170	8.00E-01	3.00E-01	1.85E-01
171	8.00E-01	3.30E-01	1.56E-01
172	8.00E-01	3.60E-01	1.28E-01
173	8.00E-01	3.90E-01	9.92E-02
174	8.00E-01	4.20E-01	7.07E-02
175	8.00E-01	4.50E-01	4.22E-02
176	8.00E-01	4.80E-01	1.37E-02
177	8.00E-01	5.10E-01	-1.48E-02
178	8.00E-01	5.40E-01	-4.33E-02
179	8.00E-01	5.70E-01	-7.20E-02
180	8.00E-01	6.00E-01	-1.01E-01
181	8.50E-01	0.00E+00	4.90E-01
182	8.50E-01	5.00E-02	4.40E-01
183	8.50E-01	1.00E-01	3.90E-01
184	8.50E-01	1.50E-01	3.41E-01
185	8.50E-01	2.00E-01	2.92E-01
186	8.50E-01	2.25E-01	2.68E-01
187	8.50E-01	2.50E-01	2.43E-01
188	8.50E-01	2.75E-01	2.19E-01
189	8.50E-01	3.00E-01	1.95E-01
190	8.50E-01	3.30E-01	1.66E-01
191	8.50E-01	3.60E-01	1.38E-01
192	8.50E-01	3.90E-01	1.09E-01
193	8.50E-01	4.20E-01	8.01E-02
194	8.50E-01	4.50E-01	5.15E-02
195	8.50E-01	4.80E-01	2.28E-02
196	8.50E-01	5.10E-01	-5.96E-03
197	8.50E-01	5.40E-01	-3.48E-02
198	8.50E-01	5.70E-01	-6.40E-02
199	8.50E-01	6.00E-01	-9.36E-02
200	8.50E-01	6.25E-01	-1.16E-01
201	9.00E-01	0.00E+00	5.00E-01
202	9.00E-01	5.00E-02	4.50E-01
203	9.00E-01	1.00E-01	4.00E-01
204	9.00E-01	1.50E-01	3.51E-01
205	9.00E-01	2.00E-01	3.02E-01
206	9.00E-01	2.25E-01	2.78E-01
207	9.00E-01	2.50E-01	2.53E-01
208	9.00E-01	2.75E-01	2.29E-01
209	9.00E-01	3.00E-01	2.05E-01
210	9.00E-01	3.30E-01	1.76E-01
211	9.00E-01	3.60E-01	1.47E-01
212	9.00E-01	3.90E-01	1.18E-01
213	9.00E-01	4.20E-01	8.95E-02
214	9.00E-01	4.50E-01	6.08E-02
215	9.00E-01	4.80E-01	3.20E-02
216	9.00E-01	5.10E-01	3.17E-03
217	9.00E-01	5.40E-01	-2.58E-02
218	9.00E-01	5.70E-01	-5.49E-02
219	9.00E-01	6.00E-01	-8.43E-02
220	9.00E-01	6.25E-01	-1.00E-01
221	9.00E-01	6.50E-01	-1.19E-01
222	9.50E-01	0.00E+00	5.09E-01
223	9.50E-01	5.00E-02	4.59E-01
224	9.50E-01	1.00E-01	4.10E-01
225	9.50E-01	1.50E-01	3.60E-01
226	9.50E-01	2.00E-01	3.12E-01
227	9.50E-01	2.25E-01	2.87E-01
228	9.50E-01	2.50E-01	2.63E-01
229	9.50E-01	2.75E-01	2.39E-01
230	9.50E-01	3.00E-01	2.14E-01
231	9.50E-01	3.30E-01	1.85E-01
232	9.50E-01	3.60E-01	1.57E-01
233	9.50E-01	3.90E-01	1.28E-01
234	9.50E-01	4.20E-01	9.89E-02
235	9.50E-01	4.50E-01	7.01E-02
236	9.50E-01	4.80E-01	4.14E-02
237	9.50E-01	5.10E-01	1.26E-02
238	9.50E-01	5.40E-01	-1.63E-02
239	9.50E-01	5.70E-01	-4.51E-02
240	9.50E-01	6.00E-01	-7.41E-02
241	9.50E-01	6.25E-01	-7.91E-02
242	9.50E-01	6.50E-01	-8.49E-02
243	9.50E-01	6.75E-01	-9.84E-02
244	1.00E+00	0.00E+00	5.19E-01
245	1.00E+00	5.00E-02	4.69E-01
246	1.00E+00	1.00E-01	4.19E-01
247	1.00E+00	1.50E-01	3.70E-01
248	1.00E+00	2.00E-01	3.21E-01
249	1.00E+00	2.25E-01	2.96E-01
250	1.00E+00	2.50E-01	2.72E-01
251	1.00E+00	2.75E-01	2.48E-01
252	1.00E+00	3.00E-01	2.24E-01
253	1.00E+00	3.30E-01	1.95E-01
254	1.00E+00	3.60E-01	1.66E-01
255	1.00E+00	3.90E-01	1.37E-01
256	1.00E+00	4.20E-01	1.08E-01
257	1.00E+00	4.50E-01	7.95E-02
258	1.00E+00	4.80E-01	5.08E-02
259	1.00E+00	5.10E-01	2.21E-02
260	1.00E+00	5.40E-01	-6.50E-03
261	1.00E+00	5.70E-01	-3.51E-02
262	1.00E+00	6.00E-01	-6.36E-02
263	1.00E+00	6.25E-01	-5.49E-02
264	1.00E+00	6.50E-01	-4.41E-02
265	1.00E+00	6.75E-01	-2.49E-02
266	1.00E+00	7.00E-01	0.00E+00
267	1.06E+00	0.00E+00	5.29E-01
268	1.06E+00	5.00E-02	4.80E-01
269	1.06E+00	1.00E-01	4.30E-01
270	1.06E+00	1.50E-01	3.81E-01
271	1.06E+00	2.00E-01	3.32E-01
272	1.06E+00	2.25E-01	3.07E-01
273	1.06E+00	2.50E-01	2.83E-01
274	1.06E+00	2.75E-01	2.59E-01
275	1.06E+00	3.00E-01	2.35E-01
276	1.06E+00	3.30E-01	2.06E-01
277	1.06E+00	3.60E-01	1.77E-01
278	1.06E+00	3.90E-01	1.48E-01
279	1.06E+00	4.20E-01	1.19E-01
280	1.06E+00	4.50E-01	9.04E-02
281	1.06E+00	4.80E-01	6.19E-02
282	1.06E+00	5.10E-01	3.34E-02
283	1.06E+00	5.40E-01	4.95E-03
284	1.06E+00	5.70E-01	-2.33E-02
285	1.06E+00	6.00E-01	-5.13E-02
286	1.06E+00	6.25E-01	-3.36E-02
287	1.06E+00	6.50E-01	-1.48E-02
288	1.06E+00	6.75E-01	5.04E-03
289	1.06E+00	7.00E-01	2.64E-02
290	1.06E+00	7.30E-01	0.00E+00
291	1.12E+00	0.00E+00	5.40E-01
292	1.12E+00	5.00E-02	4.90E-01
293	1.12E+00	1.00E-01	4.40E-01
294	1.12E+00	1.50E-01	3.91E-01
295	1.12E+00	2.00E-01	3.42E-01
296	1.12E+00	2.25E-01	3.18E-01
297	1.12E+00	2.50E-01	2.93E-01
298	1.12E+00	2.75E-01	2.69E-01
299	1.12E+00	3.00E-01	2.45E-01
300	1.12E+00	3.30E-01	2.16E-01
301	1.12E+00	3.60E-01	1.87E-01
302	1.12E+00	3.90E-01	1.58E-01
303	1.12E+00	4.20E-01	1.30E-01
304	1.12E+00	4.50E-01	1.01E-01
305	1.12E+00	4.80E-01	7.27E-02
306	1.12E+00	5.10E-01	4.44E-02
307	1.12E+00	5.40E-01	1.62E-02
308	1.12E+00	5.70E-01	-1.19E-02
309	1.12E+00	6.00E-01	-3.99E-02
310	1.12E+00	6.25E-01	-1.93E-02
311	1.12E+00	6.50E-01	1.26E-03
312	1.12E+00	6.75E-01	2.25E-02
313	1.12E+00	7.00E-01	4.42E-02
314	1.12E+00	7.30E-01	1.66E-02
315	1.12E+00	7.60E-01	-9.86E-03
316	1.18E+00	0.00E+00	5.50E-01
317	1.18E+00	5.00E-02	5.00E-01
318	1.18E+00	1.00E-01	4.50E-01
319	1.18E+00	1.50E-01	4.01E-01
320	1.18E+00	2.00E-01	3.52E-01
321	1.18E+00	2.25E-01	3.28E-01
322	1.18E+00	2.50E-01	3.03E-01
323	1.18E+00	2.75E-01	2.79E-01
324	1.18E+00	3.00E-01	2.55E-01
325	1.18E+00	3.30E-01	2.26E-01
326	1.18E+00	3.60E-01	1.97E-01
327	1.18E+00	3.90E-01	1.69E-01
328	1.18E+00	4.20E-01	1.40E-01
329	1.18E+00	4.50E-01	1.12E-01
330	1.18E+00	4.80E-01	8.32E-02
331	1.18E+00	5.10E-01	5.49E-02
332	1.18E+00	5.40E-01	2.67E-02
333	1.18E+00	5.70E-01	-1.28E-03
334	1.18E+00	6.00E-01	-2.92E-02
335	1.18E+00	6.25E-01	-7.48E-03
336	1.18E+00	6.50E-01	1.42E-02
337	1.18E+00	6.75E-01	3.61E-02
338	1.18E+00	7.00E-01	5.83E-02
339	1.18E+00	7.30E-01	3.07E-02
340	1.18E+00	7.60E-01	3.39E-03
341	1.18E+00	7.90E-01	-2.35E-02
342	1.24E+00	0.00E+00	5.59E-01
343	1.24E+00	5.00E-02	5.10E-01
344	1.24E+00	1.00E-01	4.60E-01
345	1.24E+00	1.50E-01	4.11E-01
346	1.24E+00	2.00E-01	3.62E-01
347	1.24E+00	2.25E-01	3.37E-01
348	1.24E+00	2.50E-01	3.13E-01
349	1.24E+00	2.75E-01	2.89E-01
350	1.24E+00	3.00E-01	2.65E-01
351	1.24E+00	3.30E-01	2.36E-01
352	1.24E+00	3.60E-01	2.07E-01
353	1.24E+00	3.90E-01	1.78E-01
354	1.24E+00	4.20E-01	1.50E-01
355	1.24E+00	4.50E-01	1.21E-01
356	1.24E+00	4.80E-01	9.31E-02
357	1.24E+00	5.10E-01	6.49E-02
358	1.24E+00	5.40E-01	3.68E-02
359	1.24E+00	5.70E-01	8.83E-03
360	1.24E+00	6.00E-01	-1.90E-02
361	1.24E+00	6.25E-01	3.39E-03
362	1.24E+00	6.50E-01	2.57E-02
363	1.24E+00	6.75E-01	4.83E-02
364	1.24E+00	7.00E-01	7.10E-02
365	1.24E+00	7.30E-01	4.33E-02
366	1.24E+00	7.60E-01	1.58E-02
367	1.24E+00	7.90E-01	-1.15E-02
368	1.24E+00	8.20E-01	-3.86E-02
369	1.30E+00	0.00E+00	5.69E-01
370	1.30E+00	5.00E-02	5.19E-01
371	1.30E+00	1.00E-01	4.69E-01
372	1.30E+00	1.50E-01	4.20E-01
373	1.30E+00	2.00E-01	3.71E-01
374	1.30E+00	2.25E-01	3.47E-01
375	1.30E+00	2.50E-01	3.22E-01
376	1.30E+00	2.75E-01	2.98E-01
377	1.30E+00	3.00E-01	2.74E-01
378	1.30E+00	3.30E-01	2.45E-01
379	1.30E+00	3.60E-01	2.16E-01
380	1.30E+00	3.90E-01	1.88E-01
381	1.30E+00	4.20E-01	1.59E-01
382	1.30E+00	4.50E-01	1.31E-01
383	1.30E+00	4.80E-01	1.03E-01
384	1.30E+00	5.10E-01	7.44E-02
385	1.30E+00	5.40E-01	4.64E-02
386	1.30E+00	5.70E-01	1.84E-02
387	1.30E+00	6.00E-01	-9.38E-03
388	1.30E+00	6.25E-01	1.36E-02
389	1.30E+00	6.50E-01	3.65E-02
390	1.30E+00	6.75E-01	5.96E-02
391	1.30E+00	7.00E-01	8.27E-02
392	1.30E+00	7.30E-01	5.51E-02
393	1.30E+00	7.60E-01	2.75E-02
394	1.30E+00	7.90E-01	1.08E-04
395	1.30E+00	8.20E-01	-2.72E-02
396	1.30E+00	8.50E-01	-5.45E-02
397	1.36E+00	0.00E+00	5.77E-01
398	1.36E+00	5.00E-02	5.27E-01
399	1.36E+00	1.00E-01	4.78E-01
400	1.36E+00	1.50E-01	4.29E-01
401	1.36E+00	2.00E-01	3.80E-01
402	1.36E+00	2.25E-01	3.55E-01
403	1.36E+00	2.50E-01	3.31E-01
404	1.36E+00	2.75E-01	3.07E-01
405	1.36E+00	3.00E-01	2.83E-01
406	1.36E+00	3.30E-01	2.54E-01
407	1.36E+00	3.60E-01	2.25E-01
408	1.36E+00	3.90E-01	1.97E-01
409	1.36E+00	4.20E-01	1.68E-01
410	1.36E+00	4.50E-01	1.40E-01
411	1.36E+00	4.80E-01	1.12E-01
412	1.36E+00	5.10E-01	8.34E-02
413	1.36E+00	5.40E-01	5.54E-02
414	1.36E+00	5.70E-01	2.75E-02
415	1.36E+00	6.00E-01	-2.59E-04
416	1.36E+00	6.25E-01	2.33E-02
417	1.36E+00	6.50E-01	4.67E-02
418	1.36E+00	6.75E-01	7.03E-02
419	1.36E+00	7.00E-01	9.40E-02
420	1.36E+00	7.30E-01	6.63E-02
421	1.36E+00	7.60E-01	3.88E-02
422	1.36E+00	7.90E-01	1.13E-02
423	1.36E+00	8.20E-01	-1.61E-02
424	1.36E+00	8.50E-01	-4.35E-02
425	1.36E+00	8.80E-01	-7.07E-02
426	1.42E+00	0.00E+00	5.86E-01
427	1.42E+00	5.00E-02	5.36E-01
428	1.42E+00	1.00E-01	4.86E-01
429	1.42E+00	1.50E-01	4.37E-01
430	1.42E+00	2.00E-01	3.88E-01
431	1.42E+00	2.25E-01	3.64E-01
432	1.42E+00	2.50E-01	3.39E-01
433	1.42E+00	2.75E-01	3.15E-01
434	1.42E+00	3.00E-01	2.91E-01
435	1.42E+00	3.30E-01	2.62E-01
436	1.42E+00	3.60E-01	2.34E-01
437	1.42E+00	3.90E-01	2.05E-01
438	1.42E+00	4.20E-01	1.77E-01
439	1.42E+00	4.50E-01	1.48E-01
440	1.42E+00	4.80E-01	1.20E-01
441	1.42E+00	5.10E-01	9.20E-02
442	1.42E+00	5.40E-01	6.40E-02
443	1.42E+00	5.70E-01	3.61E-02
444	1.42E+00	6.00E-01	8.38E-03
445	1.42E+00	6.25E-01	3.25E-02
446	1.42E+00	6.50E-01	5.65E-02
447	1.42E+00	6.75E-01	8.06E-02
448	1.42E+00	7.00E-01	1.05E-01
449	1.42E+00	7.30E-01	7.72E-02
450	1.42E+00	7.60E-01	4.96E-02
451	1.42E+00	7.90E-01	2.22E-02
452	1.42E+00	8.20E-01	-5.25E-03
453	1.42E+00	8.50E-01	-3.26E-02
454	1.42E+00	8.80E-01	-6.00E-02
455	1.42E+00	9.10E-01	-8.73E-02
456	1.48E+00	0.00E+00	5.93E-01
457	1.48E+00	5.00E-02	5.44E-01
458	1.48E+00	1.00E-01	4.94E-01
459	1.48E+00	1.50E-01	4.45E-01
460	1.48E+00	2.00E-01	3.96E-01
461	1.48E+00	2.25E-01	3.72E-01
462	1.48E+00	2.50E-01	3.47E-01
463	1.48E+00	2.75E-01	3.23E-01
464	1.48E+00	3.00E-01	2.99E-01
465	1.48E+00	3.30E-01	2.70E-01
466	1.48E+00	3.60E-01	2.42E-01
467	1.48E+00	3.90E-01	2.13E-01
468	1.48E+00	4.20E-01	1.85E-01
469	1.48E+00	4.50E-01	1.56E-01
470	1.48E+00	4.80E-01	1.28E-01
471	1.48E+00	5.10E-01	1.00E-01
472	1.48E+00	5.40E-01	7.21E-02
473	1.48E+00	5.70E-01	4.43E-02
474	1.48E+00	6.00E-01	1.65E-02
475	1.48E+00	6.25E-01	4.12E-02
476	1.48E+00	6.50E-01	6.58E-02
477	1.48E+00	6.75E-01	9.05E-02
478	1.48E+00	7.00E-01	1.15E-01
479	1.48E+00	7.30E-01	8.77E-02
480	1.48E+00	7.60E-01	6.02E-02
481	1.48E+00	7.90E-01	3.28E-02
482	1.48E+00	8.20E-01	5.40E-03
483	1.48E+00	8.50E-01	-2.19E-02
484	1.48E+00	8.80E-01	-4.92E-02
485	1.48E+00	9.10E-01	-7.64E-02
486	1.48E+00	9.40E-01	-1.04E-01
487	1.54E+00	0.00E+00	6.01E-01
488	1.54E+00	5.00E-02	5.51E-01
489	1.54E+00	1.00E-01	5.01E-01
490	1.54E+00	1.50E-01	4.52E-01
491	1.54E+00	2.00E-01	4.03E-01
492	1.54E+00	2.25E-01	3.79E-01
493	1.54E+00	2.50E-01	3.55E-01
494	1.54E+00	2.75E-01	3.31E-01
495	1.54E+00	3.00E-01	3.07E-01
496	1.54E+00	3.30E-01	2.78E-01
497	1.54E+00	3.60E-01	2.49E-01
498	1.54E+00	3.90E-01	2.21E-01
499	1.54E+00	4.20E-01	1.92E-01
500	1.54E+00	4.50E-01	1.64E-01
501	1.54E+00	4.80E-01	1.36E-01
502	1.54E+00	5.10E-01	1.08E-01
503	1.54E+00	5.40E-01	7.97E-02
504	1.54E+00	5.70E-01	5.19E-02
505	1.54E+00	6.00E-01	2.42E-02
506	1.54E+00	6.25E-01	4.95E-02
507	1.54E+00	6.50E-01	7.47E-02
508	1.54E+00	6.75E-01	1.00E-01
509	1.54E+00	7.00E-01	1.25E-01
510	1.54E+00	7.30E-01	9.79E-02
511	1.54E+00	7.60E-01	7.05E-02
512	1.54E+00	7.90E-01	4.31E-02
513	1.54E+00	8.20E-01	1.58E-02
514	1.54E+00	8.50E-01	-1.14E-02
515	1.54E+00	8.80E-01	-3.85E-02
516	1.54E+00	9.10E-01	-6.56E-02
517	1.54E+00	9.40E-01	-9.26E-02
518	1.54E+00	9.70E-01	-1.20E-01
519	1.60E+00	0.00E+00	6.08E-01
520	1.60E+00	5.00E-02	5.58E-01
521	1.60E+00	1.00E-01	5.08E-01
522	1.60E+00	1.50E-01	4.59E-01
523	1.60E+00	2.00E-01	4.10E-01
524	1.60E+00	2.25E-01	3.86E-01
525	1.60E+00	2.50E-01	3.62E-01
526	1.60E+00	2.75E-01	3.38E-01
527	1.60E+00	3.00E-01	3.14E-01
528	1.60E+00	3.30E-01	2.85E-01
529	1.60E+00	3.60E-01	2.56E-01
530	1.60E+00	3.90E-01	2.28E-01
531	1.60E+00	4.20E-01	1.99E-01
532	1.60E+00	4.50E-01	1.71E-01
533	1.60E+00	4.80E-01	1.43E-01
534	1.60E+00	5.10E-01	1.15E-01
535	1.60E+00	5.40E-01	8.69E-02
536	1.60E+00	5.70E-01	5.91E-02
537	1.60E+00	6.00E-01	3.14E-02
538	1.60E+00	6.25E-01	5.74E-02
539	1.60E+00	6.50E-01	8.32E-02
540	1.60E+00	6.75E-01	1.09E-01
541	1.60E+00	7.00E-01	1.35E-01
542	1.60E+00	7.30E-01	1.08E-01
543	1.60E+00	7.60E-01	8.03E-02
544	1.60E+00	7.90E-01	5.30E-02
545	1.60E+00	8.20E-01	2.59E-02
546	1.60E+00	8.50E-01	-1.18E-03
547	1.60E+00	8.80E-01	-2.81E-02
548	1.60E+00	9.10E-01	-5.49E-02
549	1.60E+00	9.40E-01	-8.15E-02
550	1.60E+00	9.70E-01	-1.08E-01
551	1.60E+00	1.00E+00	-1.34E-01
552	1.64E+00	0.00E+00	6.12E-01
553	1.64E+00	5.00E-02	5.62E-01
554	1.64E+00	1.00E-01	5.13E-01
555	1.64E+00	1.50E-01	4.63E-01
556	1.64E+00	2.00E-01	4.15E-01
557	1.64E+00	2.25E-01	3.90E-01
558	1.64E+00	2.50E-01	3.66E-01
559	1.64E+00	2.75E-01	3.42E-01
560	1.64E+00	3.00E-01	3.18E-01
561	1.64E+00	3.30E-01	2.89E-01
562	1.64E+00	3.60E-01	2.61E-01
563	1.64E+00	3.90E-01	2.32E-01
564	1.64E+00	4.20E-01	2.04E-01
565	1.64E+00	4.50E-01	1.75E-01
566	1.64E+00	4.80E-01	1.47E-01
567	1.64E+00	5.10E-01	1.19E-01
568	1.64E+00	5.40E-01	9.13E-02
569	1.64E+00	5.70E-01	6.36E-02
570	1.64E+00	6.00E-01	3.60E-02
571	1.64E+00	6.25E-01	6.23E-02
572	1.64E+00	6.50E-01	8.85E-02
573	1.64E+00	6.75E-01	1.15E-01
574	1.64E+00	7.00E-01	1.41E-01
575	1.64E+00	7.30E-01	1.14E-01
576	1.64E+00	7.60E-01	8.66E-02
577	1.64E+00	7.90E-01	5.93E-02
578	1.64E+00	8.20E-01	3.22E-02
579	1.64E+00	8.50E-01	5.35E-03
580	1.64E+00	8.80E-01	-2.15E-02
581	1.64E+00	9.10E-01	-4.81E-02
582	1.64E+00	9.40E-01	-7.45E-02
583	1.64E+00	9.70E-01	-1.01E-01
584	1.64E+00	1.00E+00	-1.26E-01
585	1.68E+00	0.00E+00	6.16E-01
586	1.68E+00	5.00E-02	5.66E-01
587	1.68E+00	1.00E-01	5.17E-01
588	1.68E+00	1.50E-01	4.68E-01
589	1.68E+00	2.00E-01	4.19E-01
590	1.68E+00	2.25E-01	3.94E-01
591	1.68E+00	2.50E-01	3.70E-01
592	1.68E+00	2.75E-01	3.46E-01
593	1.68E+00	3.00E-01	3.22E-01
594	1.68E+00	3.30E-01	2.93E-01
595	1.68E+00	3.60E-01	2.65E-01
596	1.68E+00	3.90E-01	2.36E-01
597	1.68E+00	4.20E-01	2.08E-01
598	1.68E+00	4.50E-01	1.80E-01
599	1.68E+00	4.80E-01	1.52E-01
600	1.68E+00	5.10E-01	1.24E-01
601	1.68E+00	5.40E-01	9.56E-02
602	1.68E+00	5.70E-01	6.78E-02
603	1.68E+00	6.00E-01	4.03E-02
604	1.68E+00	6.25E-01	6.70E-02
605	1.68E+00	6.50E-01	9.37E-02
606	1.68E+00	6.75E-01	1.20E-01
607	1.68E+00	7.00E-01	1.47E-01
608	1.68E+00	7.30E-01	1.20E-01
609	1.68E+00	7.60E-01	9.26E-02
610	1.68E+00	7.90E-01	6.55E-02
611	1.68E+00	8.20E-01	3.85E-02
612	1.68E+00	8.50E-01	1.16E-02
613	1.68E+00	8.80E-01	-1.50E-02
614	1.68E+00	9.10E-01	-4.16E-02
615	1.68E+00	9.40E-01	-6.78E-02
616	1.68E+00	9.70E-01	-9.38E-02
617	1.68E+00	1.00E+00	-1.19E-01
618	1.72E+00	0.00E+00	6.20E-01
619	1.72E+00	5.00E-02	5.70E-01
620	1.72E+00	1.00E-01	5.21E-01
621	1.72E+00	1.50E-01	4.71E-01
622	1.72E+00	2.00E-01	4.23E-01
623	1.72E+00	2.25E-01	3.98E-01
624	1.72E+00	2.50E-01	3.74E-01
625	1.72E+00	2.75E-01	3.50E-01
626	1.72E+00	3.00E-01	3.26E-01
627	1.72E+00	3.30E-01	2.97E-01
628	1.72E+00	3.60E-01	2.69E-01
629	1.72E+00	3.90E-01	2.40E-01
630	1.72E+00	4.20E-01	2.12E-01
631	1.72E+00	4.50E-01	1.84E-01
632	1.72E+00	4.80E-01	1.56E-01
633	1.72E+00	5.10E-01	1.28E-01
634	1.72E+00	5.40E-01	9.97E-02
635	1.72E+00	5.70E-01	7.20E-02
636	1.72E+00	6.00E-01	4.44E-02
637	1.72E+00	6.25E-01	7.15E-02
638	1.72E+00	6.50E-01	9.86E-02
639	1.72E+00	6.75E-01	1.26E-01
640	1.72E+00	7.00E-01	1.53E-01
641	1.72E+00	7.30E-01	1.26E-01
642	1.72E+00	7.60E-01	9.84E-02
643	1.72E+00	7.90E-01	7.13E-02
644	1.72E+00	8.20E-01	4.44E-02
645	1.72E+00	8.50E-01	1.76E-02
646	1.72E+00	8.80E-01	-8.97E-03
647	1.72E+00	9.10E-01	-3.54E-02
648	1.72E+00	9.40E-01	-6.16E-02
649	1.72E+00	9.70E-01	-8.74E-02
650	1.72E+00	1.00E+00	-1.13E-01
651	1.76E+00	0.00E+00	6.24E-01
652	1.76E+00	5.00E-02	5.74E-01
653	1.76E+00	1.00E-01	5.24E-01
654	1.76E+00	1.50E-01	4.75E-01
655	1.76E+00	2.00E-01	4.26E-01
656	1.76E+00	2.25E-01	4.02E-01
657	1.76E+00	2.50E-01	3.78E-01
658	1.76E+00	2.75E-01	3.54E-01
659	1.76E+00	3.00E-01	3.30E-01
660	1.76E+00	3.30E-01	3.01E-01
661	1.76E+00	3.60E-01	2.73E-01
662	1.76E+00	3.90E-01	2.44E-01
663	1.76E+00	4.20E-01	2.16E-01
664	1.76E+00	4.50E-01	1.87E-01
665	1.76E+00	4.80E-01	1.59E-01
666	1.76E+00	5.10E-01	1.31E-01
667	1.76E+00	5.40E-01	1.04E-01
668	1.76E+00	5.70E-01	7.58E-02
669	1.76E+00	6.00E-01	4.82E-02
670	1.76E+00	6.25E-01	7.58E-02
671	1.76E+00	6.50E-01	1.03E-01
672	1.76E+00	6.75E-01	1.31E-01
673	1.76E+00	7.00E-01	1.59E-01
674	1.76E+00	7.30E-01	1.31E-01
675	1.76E+00	7.60E-01	1.04E-01
676	1.76E+00	7.90E-01	7.67E-02
677	1.76E+00	8.20E-01	4.99E-02
678	1.76E+00	8.50E-01	2.32E-02
679	1.76E+00	8.80E-01	-3.31E-03
680	1.76E+00	9.10E-01	-2.97E-02
681	1.76E+00	9.40E-01	-5.58E-02
682	1.76E+00	9.70E-01	-8.16E-02
683	1.76E+00	1.00E+00	-1.07E-01
684	1.80E+00	0.00E+00	6.27E-01
685	1.80E+00	5.00E-02	5.77E-01
686	1.80E+00	1.00E-01	5.28E-01
687	1.80E+00	1.50E-01	4.79E-01
688	1.80E+00	2.00E-01	4.30E-01
689	1.80E+00	2.25E-01	4.06E-01
690	1.80E+00	2.50E-01	3.81E-01
691	1.80E+00	2.75E-01	3.57E-01
692	1.80E+00	3.00E-01	3.33E-01
693	1.80E+00	3.30E-01	3.05E-01
694	1.80E+00	3.60E-01	2.76E-01
695	1.80E+00	3.90E-01	2.48E-01
696	1.80E+00	4.20E-01	2.19E-01
697	1.80E+00	4.50E-01	1.91E-01
698	1.80E+00	4.80E-01	1.63E-01
699	1.80E+00	5.10E-01	1.35E-01
700	1.80E+00	5.40E-01	1.07E-01
701	1.80E+00	5.70E-01	7.94E-02
702	1.80E+00	6.00E-01	5.19E-02
703	1.80E+00	6.25E-01	7.98E-02
704	1.80E+00	6.50E-01	1.08E-01
705	1.80E+00	6.75E-01	1.36E-01
706	1.80E+00	7.00E-01	1.64E-01
707	1.80E+00	7.30E-01	1.36E-01
708	1.80E+00	7.60E-01	1.09E-01
709	1.80E+00	7.90E-01	8.19E-02
710	1.80E+00	8.20E-01	5.51E-02
711	1.80E+00	8.50E-01	2.85E-02
712	1.80E+00	8.80E-01	1.92E-03
713	1.80E+00	9.10E-01	-2.43E-02
714	1.80E+00	9.40E-01	-5.04E-02
715	1.80E+00	9.70E-01	-7.62E-02
716	1.80E+00	1.00E+00	-1.02E-01
717	1.84E+00	0.00E+00	6.30E-01
718	1.84E+00	5.00E-02	5.81E-01
719	1.84E+00	1.00E-01	5.31E-01
720	1.84E+00	1.50E-01	4.82E-01
721	1.84E+00	2.00E-01	4.33E-01
722	1.84E+00	2.25E-01	4.09E-01
723	1.84E+00	2.50E-01	3.85E-01
724	1.84E+00	2.75E-01	3.61E-01
725	1.84E+00	3.00E-01	3.37E-01
726	1.84E+00	3.30E-01	3.08E-01
727	1.84E+00	3.60E-01	2.79E-01
728	1.84E+00	3.90E-01	2.51E-01
729	1.84E+00	4.20E-01	2.23E-01
730	1.84E+00	4.50E-01	1.94E-01
731	1.84E+00	4.80E-01	1.66E-01
732	1.84E+00	5.10E-01	1.38E-01
733	1.84E+00	5.40E-01	1.11E-01
734	1.84E+00	5.70E-01	8.29E-02
735	1.84E+00	6.00E-01	5.53E-02
736	1.84E+00	6.25E-01	8.36E-02
737	1.84E+00	6.50E-01	1.12E-01
738	1.84E+00	6.75E-01	1.40E-01
739	1.84E+00	7.00E-01	1.68E-01
740	1.84E+00	7.30E-01	1.41E-01
741	1.84E+00	7.60E-01	1.14E-01
742	1.84E+00	7.90E-01	8.69E-02
743	1.84E+00	8.20E-01	6.00E-02
744	1.84E+00	8.50E-01	3.34E-02
745	1.84E+00	8.80E-01	6.97E-03
746	1.84E+00	9.10E-01	-1.93E-02
747	1.84E+00	9.40E-01	-4.54E-02
748	1.84E+00	9.70E-01	-7.12E-02
749	1.84E+00	1.00E+00	-9.67E-02
750	1.88E+00	0.00E+00	6.34E-01
751	1.88E+00	5.00E-02	5.84E-01
752	1.88E+00	1.00E-01	5.34E-01
753	1.88E+00	1.50E-01	4.85E-01
754	1.88E+00	2.00E-01	4.36E-01
755	1.88E+00	2.25E-01	4.12E-01
756	1.88E+00	2.50E-01	3.88E-01
757	1.88E+00	2.75E-01	3.64E-01
758	1.88E+00	3.00E-01	3.40E-01
759	1.88E+00	3.30E-01	3.11E-01
760	1.88E+00	3.60E-01	2.82E-01
761	1.88E+00	3.90E-01	2.54E-01
762	1.88E+00	4.20E-01	2.26E-01
763	1.88E+00	4.50E-01	1.98E-01
764	1.88E+00	4.80E-01	1.69E-01
765	1.88E+00	5.10E-01	1.42E-01
766	1.88E+00	5.40E-01	1.14E-01
767	1.88E+00	5.70E-01	8.60E-02
768	1.88E+00	6.00E-01	5.85E-02
769	1.88E+00	6.25E-01	8.71E-02
770	1.88E+00	6.50E-01	1.15E-01
771	1.88E+00	6.75E-01	1.44E-01
772	1.88E+00	7.00E-01	1.73E-01
773	1.88E+00	7.30E-01	1.46E-01
774	1.88E+00	7.60E-01	1.18E-01
775	1.88E+00	7.90E-01	9.14E-02
776	1.88E+00	8.20E-01	6.46E-02
777	1.88E+00	8.50E-01	3.80E-02
778	1.88E+00	8.80E-01	1.15E-02
779	1.88E+00	9.10E-01	-1.47E-02
780	1.88E+00	9.40E-01	-4.08E-02
781	1.88E+00	9.70E-01	-6.66E-02
782	1.88E+00	1.00E+00	-9.21E-02
783	1.92E+00	0.00E+00	6.36E-01
784	1.92E+00	5.00E-02	5.87E-01
785	1.92E+00	1.00E-01	5.37E-01
786	1.92E+00	1.50E-01	4.88E-01
787	1.92E+00	2.00E-01	4.39E-01
788	1.92E+00	2.25E-01	4.15E-01
789	1.92E+00	2.50E-01	3.91E-01
790	1.92E+00	2.75E-01	3.67E-01
791	1.92E+00	3.00E-01	3.43E-01
792	1.92E+00	3.30E-01	3.14E-01
793	1.92E+00	3.60E-01	2.85E-01
794	1.92E+00	3.90E-01	2.57E-01
795	1.92E+00	4.20E-01	2.29E-01
796	1.92E+00	4.50E-01	2.00E-01
797	1.92E+00	4.80E-01	1.72E-01
798	1.92E+00	5.10E-01	1.44E-01
799	1.92E+00	5.40E-01	1.17E-01
800	1.92E+00	5.70E-01	8.90E-02
801	1.92E+00	6.00E-01	6.15E-02
802	1.92E+00	6.25E-01	9.03E-02
803	1.92E+00	6.50E-01	1.19E-01
804	1.92E+00	6.75E-01	1.48E-01
805	1.92E+00	7.00E-01	1.77E-01
806	1.92E+00	7.30E-01	1.50E-01
807	1.92E+00	7.60E-01	1.23E-01
808	1.92E+00	7.90E-01	9.55E-02
809	1.92E+00	8.20E-01	6.88E-02
810	1.92E+00	8.50E-01	4.22E-02
811	1.92E+00	8.80E-01	1.57E-02
812	1.92E+00	9.10E-01	-1.05E-02
813	1.92E+00	9.40E-01	-3.65E-02
814	1.92E+00	9.70E-01	-6.23E-02
815	1.92E+00	1.00E+00	-8.78E-02
816	1.96E+00	0.00E+00	6.39E-01
817	1.96E+00	5.00E-02	5.89E-01
818	1.96E+00	1.00E-01	5.40E-01
819	1.96E+00	1.50E-01	4.90E-01
820	1.96E+00	2.00E-01	4.42E-01
821	1.96E+00	2.25E-01	4.17E-01
822	1.96E+00	2.50E-01	3.93E-01
823	1.96E+00	2.75E-01	3.69E-01
824	1.96E+00	3.00E-01	3.45E-01
825	1.96E+00	3.30E-01	3.17E-01
826	1.96E+00	3.60E-01	2.88E-01
827	1.96E+00	3.90E-01	2.60E-01
828	1.96E+00	4.20E-01	2.31E-01
829	1.96E+00	4.50E-01	2.03E-01
830	1.96E+00	4.80E-01	1.75E-01
831	1.96E+00	5.10E-01	1.47E-01
832	1.96E+00	5.40E-01	1.19E-01
833	1.96E+00	5.70E-01	9.17E-02
834	1.96E+00	6.00E-01	6.42E-02
835	1.96E+00	6.25E-01	9.33E-02
836	1.96E+00	6.50E-01	1.22E-01
837	1.96E+00	6.75E-01	1.52E-01
838	1.96E+00	7.00E-01	1.81E-01
839	1.96E+00	7.30E-01	1.54E-01
840	1.96E+00	7.60E-01	1.26E-01
841	1.96E+00	7.90E-01	9.94E-02
842	1.96E+00	8.20E-01	7.27E-02
843	1.96E+00	8.50E-01	4.61E-02
844	1.96E+00	8.80E-01	1.96E-02
845	1.96E+00	9.10E-01	-6.58E-03
846	1.96E+00	9.40E-01	-3.26E-02
847	1.96E+00	9.70E-01	-5.84E-02
848	1.96E+00	1.00E+00	-8.39E-02
849	2.00E+00	0.00E+00	6.41E-01
850	2.00E+00	5.00E-02	5.91E-01
851	2.00E+00	1.00E-01	5.42E-01
852	2.00E+00	1.50E-01	4.93E-01
853	2.00E+00	2.00E-01	4.44E-01
854	2.00E+00	2.25E-01	4.20E-01
855	2.00E+00	2.50E-01	3.96E-01
856	2.00E+00	2.75E-01	3.72E-01
857	2.00E+00	3.00E-01	3.48E-01
858	2.00E+00	3.30E-01	3.19E-01
859	2.00E+00	3.60E-01	2.90E-01
860	2.00E+00	3.90E-01	2.62E-01
861	2.00E+00	4.20E-01	2.34E-01
862	2.00E+00	4.50E-01	2.06E-01
863	2.00E+00	4.80E-01	1.77E-01
864	2.00E+00	5.10E-01	1.50E-01
865	2.00E+00	5.40E-01	1.22E-01
866	2.00E+00	5.70E-01	9.42E-02
867	2.00E+00	6.00E-01	6.67E-02
868	2.00E+00	6.25E-01	9.60E-02
869	2.00E+00	6.50E-01	1.25E-01
870	2.00E+00	6.75E-01	1.55E-01
871	2.00E+00	7.00E-01	1.84E-01
872	2.00E+00	7.30E-01	1.57E-01
873	2.00E+00	7.60E-01	1.30E-01
874	2.00E+00	7.90E-01	1.03E-01
875	2.00E+00	8.20E-01	7.62E-02
876	2.00E+00	8.50E-01	4.96E-02
877	2.00E+00	8.80E-01	2.32E-02
878	2.00E+00	9.10E-01	-3.04E-03
879	2.00E+00	9.40E-01	-2.90E-02
880	2.00E+00	9.70E-01	-5.48E-02
881	2.00E+00	1.00E+00	-8.03E-02
882	2.04E+00	0.00E+00	6.43E-01
883	2.04E+00	5.00E-02	5.94E-01
884	2.04E+00	1.00E-01	5.44E-01
885	2.04E+00	1.50E-01	4.95E-01
886	2.04E+00	2.00E-01	4.46E-01
887	2.04E+00	2.25E-01	4.22E-01
888	2.04E+00	2.50E-01	3.98E-01
889	2.04E+00	2.75E-01	3.74E-01
890	2.04E+00	3.00E-01	3.50E-01
891	2.04E+00	3.30E-01	3.21E-01
892	2.04E+00	3.60E-01	2.93E-01
893	2.04E+00	3.90E-01	2.64E-01
894	2.04E+00	4.20E-01	2.36E-01
895	2.04E+00	4.50E-01	2.08E-01
896	2.04E+00	4.80E-01	1.80E-01
897	2.04E+00	5.10E-01	1.52E-01
898	2.04E+00	5.40E-01	1.24E-01
899	2.04E+00	5.70E-01	9.64E-02
900	2.04E+00	6.00E-01	6.89E-02
901	2.04E+00	6.25E-01	9.85E-02
902	2.04E+00	6.50E-01	1.28E-01
903	2.04E+00	6.75E-01	1.58E-01
904	2.04E+00	7.00E-01	1.87E-01
905	2.04E+00	7.30E-01	1.60E-01
906	2.04E+00	7.60E-01	1.33E-01
907	2.04E+00	7.90E-01	1.06E-01
908	2.04E+00	8.20E-01	7.94E-02
909	2.04E+00	8.50E-01	5.28E-02
910	2.04E+00	8.80E-01	2.64E-02
911	2.04E+00	9.10E-01	1.60E-04
912	2.04E+00	9.40E-01	-2.58E-02
913	2.04E+00	9.70E-01	-5.16E-02
914	2.04E+00	1.00E+00	-7.71E-02
915	2.08E+00	0.00E+00	6.45E-01
916	2.08E+00	5.00E-02	5.96E-01
917	2.08E+00	1.00E-01	5.46E-01
918	2.08E+00	1.50E-01	4.97E-01
919	2.08E+00	2.00E-01	4.48E-01
920	2.08E+00	2.25E-01	4.24E-01
921	2.08E+00	2.50E-01	4.00E-01
922	2.08E+00	2.75E-01	3.76E-01
923	2.08E+00	3.00E-01	3.52E-01
924	2.08E+00	3.30E-01	3.23E-01
925	2.08E+00	3.60E-01	2.95E-01
926	2.08E+00	3.90E-01	2.66E-01
927	2.08E+00	4.20E-01	2.38E-01
928	2.08E+00	4.50E-01	2.10E-01
929	2.08E+00	4.80E-01	1.82E-01
930	2.08E+00	5.10E-01	1.54E-01
931	2.08E+00	5.40E-01	1.26E-01
932	2.08E+00	5.70E-01	9.85E-02
933	2.08E+00	6.00E-01	7.10E-02
934	2.08E+00	6.25E-01	1.01E-01
935	2.08E+00	6.50E-01	1.30E-01
936	2.08E+00	6.75E-01	1.60E-01
937	2.08E+00	7.00E-01	1.90E-01
938	2.08E+00	7.30E-01	1.63E-01
939	2.08E+00	7.60E-01	1.36E-01
940	2.08E+00	7.90E-01	1.09E-01
941	2.08E+00	8.20E-01	8.22E-02
942	2.08E+00	8.50E-01	5.57E-02
943	2.08E+00	8.80E-01	2.93E-02
944	2.08E+00	9.10E-01	3.03E-03
945	2.08E+00	9.40E-01	-2.30E-02
946	2.08E+00	9.70E-01	-4.87E-02
947	2.08E+00	1.00E+00	-7.43E-02
948	2.12E+00	0.00E+00	6.47E-01
949	2.12E+00	5.00E-02	5.97E-01
950	2.12E+00	1.00E-01	5.48E-01
951	2.12E+00	1.50E-01	4.99E-01
952	2.12E+00	2.00E-01	4.50E-01
953	2.12E+00	2.25E-01	4.26E-01
954	2.12E+00	2.50E-01	4.01E-01
955	2.12E+00	2.75E-01	3.77E-01
956	2.12E+00	3.00E-01	3.53E-01
957	2.12E+00	3.30E-01	3.25E-01
958	2.12E+00	3.60E-01	2.96E-01
959	2.12E+00	3.90E-01	2.68E-01
960	2.12E+00	4.20E-01	2.40E-01
961	2.12E+00	4.50E-01	2.11E-01
962	2.12E+00	4.80E-01	1.83E-01
963	2.12E+00	5.10E-01	1.55E-01
964	2.12E+00	5.40E-01	1.28E-01
965	2.12E+00	5.70E-01	1.00E-01
966	2.12E+00	6.00E-01	7.27E-02
967	2.12E+00	6.25E-01	1.03E-01
968	2.12E+00	6.50E-01	1.33E-01
969	2.12E+00	6.75E-01	1.63E-01
970	2.12E+00	7.00E-01	1.93E-01
971	2.12E+00	7.30E-01	1.65E-01
972	2.12E+00	7.60E-01	1.38E-01
973	2.12E+00	7.90E-01	1.11E-01
974	2.12E+00	8.20E-01	8.47E-02
975	2.12E+00	8.50E-01	5.82E-02
976	2.12E+00	8.80E-01	3.18E-02
977	2.12E+00	9.10E-01	5.54E-03
978	2.12E+00	9.40E-01	-2.04E-02
979	2.12E+00	9.70E-01	-4.62E-02
980	2.12E+00	1.00E+00	-7.17E-02
981	2.16E+00	0.00E+00	6.49E-01
982	2.16E+00	5.00E-02	5.99E-01
983	2.16E+00	1.00E-01	5.49E-01
984	2.16E+00	1.50E-01	5.00E-01
985	2.16E+00	2.00E-01	4.51E-01
986	2.16E+00	2.25E-01	4.27E-01
987	2.16E+00	2.50E-01	4.03E-01
988	2.16E+00	2.75E-01	3.79E-01
989	2.16E+00	3.00E-01	3.55E-01
990	2.16E+00	3.30E-01	3.26E-01
991	2.16E+00	3.60E-01	2.98E-01
992	2.16E+00	3.90E-01	2.69E-01
993	2.16E+00	4.20E-01	2.41E-01
994	2.16E+00	4.50E-01	2.13E-01
995	2.16E+00	4.80E-01	1.85E-01
996	2.16E+00	5.10E-01	1.57E-01
997	2.16E+00	5.40E-01	1.29E-01
998	2.16E+00	5.70E-01	1.02E-01
999	2.16E+00	6.00E-01	7.43E-02
1000	2.16E+00	6.25E-01	1.04E-01
1001	2.16E+00	6.50E-01	1.34E-01
1002	2.16E+00	6.75E-01	1.65E-01
1003	2.16E+00	7.00E-01	1.95E-01
1004	2.16E+00	7.30E-01	1.68E-01
1005	2.16E+00	7.60E-01	1.41E-01
1006	2.16E+00	7.90E-01	1.14E-01
1007	2.16E+00	8.20E-01	8.69E-02
1008	2.16E+00	8.50E-01	6.03E-02
1009	2.16E+00	8.80E-01	3.39E-02
1010	2.16E+00	9.10E-01	7.72E-03
1011	2.16E+00	9.40E-01	-1.83E-02
1012	2.16E+00	9.70E-01	-4.40E-02
1013	2.16E+00	1.00E+00	-6.95E-02
1014	2.20E+00	0.00E+00	6.50E-01
1015	2.20E+00	5.00E-02	6.00E-01
1016	2.20E+00	1.00E-01	5.50E-01
1017	2.20E+00	1.50E-01	5.01E-01
1018	2.20E+00	2.00E-01	4.53E-01
1019	2.20E+00	2.25E-01	4.28E-01
1020	2.20E+00	2.50E-01	4.04E-01
1021	2.20E+00	2.75E-01	3.80E-01
1022	2.20E+00	3.00E-01	3.56E-01
1023	2.20E+00	3.30E-01	3.28E-01
1024	2.20E+00	3.60E-01	2.99E-01
1025	2.20E+00	3.90E-01	2.71E-01
1026	2.20E+00	4.20E-01	2.42E-01
1027	2.20E+00	4.50E-01	2.14E-01
1028	2.20E+00	4.80E-01	1.86E-01
1029	2.20E+00	5.10E-01	1.58E-01
1030	2.20E+00	5.40E-01	1.31E-01
1031	2.20E+00	5.70E-01	1.03E-01
1032	2.20E+00	6.00E-01	7.56E-02
1033	2.20E+00	6.25E-01	1.06E-01
1034	2.20E+00	6.50E-01	1.36E-01
1035	2.20E+00	6.75E-01	1.66E-01
1036	2.20E+00	7.00E-01	1.97E-01
1037	2.20E+00	7.30E-01	1.69E-01
1038	2.20E+00	7.60E-01	1.42E-01
1039	2.20E+00	7.90E-01	1.15E-01
1040	2.20E+00	8.20E-01	8.87E-02
1041	2.20E+00	8.50E-01	6.22E-02
1042	2.20E+00	8.80E-01	3.58E-02
1043	2.20E+00	9.10E-01	9.57E-03
1044	2.20E+00	9.40E-01	-1.64E-02
1045	2.20E+00	9.70E-01	-4.22E-02
1046	2.20E+00	1.00E+00	-6.77E-02
1047	2.24E+00	0.00E+00	6.51E-01
1048	2.24E+00	5.00E-02	6.01E-01
1049	2.24E+00	1.00E-01	5.51E-01
1050	2.24E+00	1.50E-01	5.02E-01
1051	2.24E+00	2.00E-01	4.54E-01
1052	2.24E+00	2.25E-01	4.29E-01
1053	2.24E+00	2.50E-01	4.05E-01
1054	2.24E+00	2.75E-01	3.81E-01
1055	2.24E+00	3.00E-01	3.57E-01
1056	2.24E+00	3.30E-01	3.29E-01
1057	2.24E+00	3.60E-01	3.00E-01
1058	2.24E+00	3.90E-01	2.72E-01
1059	2.24E+00	4.20E-01	2.43E-01
1060	2.24E+00	4.50E-01	2.15E-01
1061	2.24E+00	4.80E-01	1.87E-01
1062	2.24E+00	5.10E-01	1.59E-01
1063	2.24E+00	5.40E-01	1.32E-01
1064	2.24E+00	5.70E-01	1.04E-01
1065	2.24E+00	6.00E-01	7.67E-02
1066	2.24E+00	6.25E-01	1.07E-01
1067	2.24E+00	6.50E-01	1.37E-01
1068	2.24E+00	6.75E-01	1.68E-01
1069	2.24E+00	7.00E-01	1.98E-01
1070	2.24E+00	7.30E-01	1.71E-01
1071	2.24E+00	7.60E-01	1.44E-01
1072	2.24E+00	7.90E-01	1.17E-01
1073	2.24E+00	8.20E-01	9.02E-02
1074	2.24E+00	8.50E-01	6.37E-02
1075	2.24E+00	8.80E-01	3.72E-02
1076	2.24E+00	9.10E-01	1.11E-02
1077	2.24E+00	9.40E-01	-1.49E-02
1078	2.24E+00	9.70E-01	-4.07E-02
1079	2.24E+00	1.00E+00	-6.62E-02
1080	2.28E+00	0.00E+00	6.52E-01
1081	2.28E+00	5.00E-02	6.02E-01
1082	2.28E+00	1.00E-01	5.52E-01
1083	2.28E+00	1.50E-01	5.03E-01
1084	2.28E+00	2.00E-01	4.55E-01
1085	2.28E+00	2.25E-01	4.30E-01
1086	2.28E+00	2.50E-01	4.06E-01
1087	2.28E+00	2.75E-01	3.82E-01
1088	2.28E+00	3.00E-01	3.58E-01
1089	2.28E+00	3.30E-01	3.29E-01
1090	2.28E+00	3.60E-01	3.01E-01
1091	2.28E+00	3.90E-01	2.73E-01
1092	2.28E+00	4.20E-01	2.44E-01
1093	2.28E+00	4.50E-01	2.16E-01
1094	2.28E+00	4.80E-01	1.88E-01
1095	2.28E+00	5.10E-01	1.60E-01
1096	2.28E+00	5.40E-01	1.32E-01
1097	2.28E+00	5.70E-01	1.05E-01
1098	2.28E+00	6.00E-01	7.75E-02
1099	2.28E+00	6.25E-01	1.08E-01
1100	2.28E+00	6.50E-01	1.38E-01
1101	2.28E+00	6.75E-01	1.69E-01
1102	2.28E+00	7.00E-01	1.99E-01
1103	2.28E+00	7.30E-01	1.72E-01
1104	2.28E+00	7.60E-01	1.45E-01
1105	2.28E+00	7.90E-01	1.18E-01
1106	2.28E+00	8.20E-01	9.13E-02
1107	2.28E+00	8.50E-01	6.47E-02
1108	2.28E+00	8.80E-01	3.84E-02
1109	2.28E+00	9.10E-01	1.22E-02
1110	2.28E+00	9.40E-01	-1.37E-02
1111	2.28E+00	9.70E-01	-3.95E-02
1112	2.28E+00	1.00E+00	-6.50E-02
1113	2.32E+00	0.00E+00	6.52E-01
1114	2.32E+00	5.00E-02	6.02E-01
1115	2.32E+00	1.00E-01	5.53E-01
1116	2.32E+00	1.50E-01	5.04E-01
1117	2.32E+00	2.00E-01	4.55E-01
1118	2.32E+00	2.25E-01	4.31E-01
1119	2.32E+00	2.50E-01	4.07E-01
1120	2.32E+00	2.75E-01	3.83E-01
1121	2.32E+00	3.00E-01	3.59E-01
1122	2.32E+00	3.30E-01	3.30E-01
1123	2.32E+00	3.60E-01	3.02E-01
1124	2.32E+00	3.90E-01	2.73E-01
1125	2.32E+00	4.20E-01	2.45E-01
1126	2.32E+00	4.50E-01	2.17E-01
1127	2.32E+00	4.80E-01	1.89E-01
1128	2.32E+00	5.10E-01	1.61E-01
1129	2.32E+00	5.40E-01	1.33E-01
1130	2.32E+00	5.70E-01	1.06E-01
1131	2.32E+00	6.00E-01	7.81E-02
1132	2.32E+00	6.25E-01	1.09E-01
1133	2.32E+00	6.50E-01	1.39E-01
1134	2.32E+00	6.75E-01	1.69E-01
1135	2.32E+00	7.00E-01	2.00E-01
1136	2.32E+00	7.30E-01	1.73E-01
1137	2.32E+00	7.60E-01	1.46E-01
1138	2.32E+00	7.90E-01	1.19E-01
1139	2.32E+00	8.20E-01	9.22E-02
1140	2.32E+00	8.50E-01	6.57E-02
1141	2.32E+00	8.80E-01	3.92E-02
1142	2.32E+00	9.10E-01	1.31E-02
1143	2.32E+00	9.40E-01	-1.29E-02
1144	2.32E+00	9.70E-01	-3.87E-02
1145	2.32E+00	1.00E+00	-6.42E-02
1146	2.36E+00	0.00E+00	6.53E-01
1147	2.36E+00	5.00E-02	6.03E-01
1148	2.36E+00	1.00E-01	5.53E-01
1149	2.36E+00	1.50E-01	5.04E-01
1150	2.36E+00	2.00E-01	4.55E-01
1151	2.36E+00	2.25E-01	4.31E-01
1152	2.36E+00	2.50E-01	4.07E-01
1153	2.36E+00	2.75E-01	3.83E-01
1154	2.36E+00	3.00E-01	3.59E-01
1155	2.36E+00	3.30E-01	3.30E-01
1156	2.36E+00	3.60E-01	3.02E-01
1157	2.36E+00	3.90E-01	2.73E-01
1158	2.36E+00	4.20E-01	2.45E-01
1159	2.36E+00	4.50E-01	2.17E-01
1160	2.36E+00	4.80E-01	1.89E-01
1161	2.36E+00	5.10E-01	1.61E-01
1162	2.36E+00	5.40E-01	1.34E-01
1163	2.36E+00	5.70E-01	1.06E-01
1164	2.36E+00	6.00E-01	7.85E-02
1165	2.36E+00	6.25E-01	1.09E-01
1166	2.36E+00	6.50E-01	1.39E-01
1167	2.36E+00	6.75E-01	1.70E-01
1168	2.36E+00	7.00E-01	2.01E-01
1169	2.36E+00	7.30E-01	1.73E-01
1170	2.36E+00	7.60E-01	1.46E-01
1171	2.36E+00	7.90E-01	1.19E-01
1172	2.36E+00	8.20E-01	9.27E-02
1173	2.36E+00	8.50E-01	6.62E-02
1174	2.36E+00	8.80E-01	3.98E-02
1175	2.36E+00	9.10E-01	1.36E-02
1176	2.36E+00	9.40E-01	-1.24E-02
1177	2.36E+00	9.70E-01	-3.82E-02
1178	2.36E+00	1.00E+00	-6.37E-02
1179	2.40E+00	0.00E+00	6.53E-01
1180	2.40E+00	5.00E-02	6.03E-01
1181	2.40E+00	1.00E-01	5.53E-01
1182	2.40E+00	1.50E-01	5.04E-01
1183	2.40E+00	2.00E-01	4.56E-01
1184	2.40E+00	2.25E-01	4.31E-01
1185	2.40E+00	2.50E-01	4.07E-01
1186	2.40E+00	2.75E-01	3.83E-01
1187	2.40E+00	3.00E-01	3.59E-01
1188	2.40E+00	3.30E-01	3.30E-01
1189	2.40E+00	3.60E-01	3.02E-01
1190	2.40E+00	3.90E-01	2.73E-01
1191	2.40E+00	4.20E-01	2.45E-01
1192	2.40E+00	4.50E-01	2.17E-01
1193	2.40E+00	4.80E-01	1.89E-01
1194	2.40E+00	5.10E-01	1.61E-01
1195	2.40E+00	5.40E-01	1.34E-01
1196	2.40E+00	5.70E-01	1.06E-01
1197	2.40E+00	6.00E-01	7.86E-02
1198	2.40E+00	6.25E-01	1.09E-01
1199	2.40E+00	6.50E-01	1.40E-01
1200	2.40E+00	6.75E-01	1.70E-01
1201	2.40E+00	7.00E-01	2.01E-01
1202	2.40E+00	7.30E-01	1.74E-01
1203	2.40E+00	7.60E-01	1.46E-01
1204	2.40E+00	7.90E-01	1.19E-01
1205	2.40E+00	8.20E-01	9.29E-02
1206	2.40E+00	8.50E-01	6.63E-02
1207	2.40E+00	8.80E-01	3.99E-02
1208	2.40E+00	9.10E-01	1.37E-02
1209	2.40E+00	9.40E-01	-1.22E-02
1210	2.40E+00	9.70E-01	-3.80E-02
1211	2.40E+00	1.00E+00	-6.35E-02
