1	0	0	3.23E-01
2	0	0.05	2.72E-01
3	0	0.1001	2.18E-01
4	0	0.1501	1.62E-01
5	0	0.2	1.00E-01
6	0.0499	0	3.25E-01
7	0.0499	0.05	2.73E-01
8	0.0499	0.1001	2.20E-01
9	0.0499	0.1501	1.63E-01
10	0.0499	0.2	1.05E-01
11	0.0499	0.2251	7.49E-02
12	0.1	0	3.28E-01
13	0.1	0.05	2.77E-01
14	0.1	0.1001	2.24E-01
15	0.1	0.1501	1.68E-01
16	0.1	0.2	1.10E-01
17	0.1	0.2251	8.01E-02
18	0.1	0.2501	4.99E-02
19	0.15	0	3.34E-01
20	0.15	0.05	2.83E-01
21	0.15	0.1001	2.30E-01
22	0.15	0.1501	1.75E-01
23	0.15	0.2	1.17E-01
24	0.15	0.2251	8.73E-02
25	0.15	0.2501	5.65E-02
26	0.15	0.275	2.50E-02
27	0.2	0	3.42E-01
28	0.2	0.05	2.91E-01
29	0.2	0.1001	2.38E-01
30	0.2	0.1501	1.84E-01
31	0.2	0.2	1.27E-01
32	0.2	0.2251	9.80E-02
33	0.2	0.2501	6.75E-02
34	0.2	0.275	3.53E-02
35	0.2	0.3	0.00E+00
36	0.26	0	3.53E-01
37	0.26	0.05	3.03E-01
38	0.26	0.1001	2.51E-01
39	0.26	0.1501	1.98E-01
40	0.26	0.2	1.43E-01
41	0.26	0.2251	1.15E-01
42	0.26	0.2501	8.75E-02
43	0.26	0.275	5.97E-02
44	0.26	0.3	3.29E-02
45	0.26	0.33	0.00E+00
46	0.32	0	3.66E-01
47	0.3199	0.05	3.16E-01
48	0.32	0.1001	2.65E-01
49	0.32	0.1501	2.13E-01
50	0.32	0.2	1.61E-01
51	0.3199	0.2251	1.35E-01
52	0.32	0.2501	1.09E-01
53	0.32	0.275	8.35E-02
54	0.32	0.3	5.82E-02
55	0.32	0.33	2.89E-02
56	0.32	0.36	0.00E+00
57	0.3799	0	3.81E-01
58	0.3799	0.05	3.31E-01
59	0.3799	0.1001	2.80E-01
60	0.3799	0.1501	2.29E-01
61	0.3799	0.2	1.79E-01
62	0.3799	0.2251	1.54E-01
63	0.3799	0.2501	1.29E-01
64	0.3799	0.275	1.05E-01
65	0.3799	0.3	8.05E-02
66	0.38	0.33	5.24E-02
67	0.38	0.36	2.55E-02
68	0.38	0.39	0.00E+00
69	0.44	0	3.96E-01
70	0.44	0.05	3.46E-01
71	0.44	0.1001	2.95E-01
72	0.44	0.1501	2.46E-01
73	0.44	0.2	1.96E-01
74	0.44	0.2251	1.72E-01
75	0.44	0.2501	1.47E-01
76	0.44	0.275	1.23E-01
77	0.44	0.3	9.98E-02
78	0.44	0.33	7.20E-02
79	0.44	0.36	4.47E-02
80	0.4399	0.39	1.78E-02
81	0.44	0.42	-8.15E-03
82	0.5	0	4.10E-01
83	0.5	0.05	3.61E-01
84	0.5	0.1001	3.11E-01
85	0.5	0.1501	2.61E-01
86	0.5	0.2	2.13E-01
87	0.5	0.2251	1.88E-01
88	0.5	0.2501	1.64E-01
89	0.5	0.275	1.40E-01
90	0.5	0.3	1.17E-01
91	0.5	0.3301	8.87E-02
92	0.5	0.36	6.12E-02
93	0.5	0.39	3.40E-02
94	0.5	0.42	7.05E-03
95	0.5	0.45	-1.94E-02
96	0.56	0	4.25E-01
97	0.56	0.05	3.75E-01
98	0.56	0.1001	3.26E-01
99	0.56	0.1501	2.76E-01
100	0.56	0.2	2.28E-01
101	0.56	0.2251	2.04E-01
102	0.56	0.2501	1.80E-01
103	0.56	0.275	1.56E-01
104	0.56	0.3	1.32E-01
105	0.56	0.33	1.04E-01
106	0.5599	0.36	7.62E-02
107	0.56	0.3901	4.86E-02
108	0.56	0.4201	2.12E-02
109	0.56	0.45	-5.82E-03
110	0.56	0.48	-3.26E-02
111	0.62	0	4.39E-01
112	0.6199	0.05	3.90E-01
113	0.62	0.1001	3.40E-01
114	0.6199	0.1501	2.91E-01
115	0.62	0.2	2.42E-01
116	0.6199	0.2251	2.18E-01
117	0.62	0.2501	1.94E-01
118	0.6199	0.275	1.70E-01
119	0.62	0.3	1.47E-01
120	0.62	0.33	1.18E-01
121	0.62	0.36	9.02E-02
122	0.6199	0.39	6.23E-02
123	0.62	0.42	3.46E-02
124	0.62	0.45	7.11E-03
125	0.62	0.48	-2.02E-02
126	0.6199	0.51	-4.73E-02
127	0.68	0	4.53E-01
128	0.68	0.05	4.03E-01
129	0.68	0.1001	3.54E-01
130	0.68	0.1501	3.05E-01
131	0.68	0.2	2.56E-01
132	0.68	0.2251	2.32E-01
133	0.68	0.2501	2.08E-01
134	0.68	0.275	1.84E-01
135	0.68	0.3	1.60E-01
136	0.68	0.33	1.32E-01
137	0.68	0.36	1.03E-01
138	0.68	0.39	7.51E-02
139	0.6799	0.42	4.71E-02
140	0.6799	0.45	1.93E-02
141	0.6799	0.48	-8.45E-03
142	0.68	0.51	-3.60E-02
143	0.68	0.54	-6.33E-02
144	0.74	0	4.66E-01
145	0.74	0.05	4.17E-01
146	0.74	0.1001	3.67E-01
147	0.74	0.1501	3.18E-01
148	0.74	0.2	2.69E-01
149	0.74	0.2251	2.45E-01
150	0.74	0.2501	2.21E-01
151	0.74	0.275	1.97E-01
152	0.74	0.3	1.73E-01
153	0.7399	0.33	1.44E-01
154	0.74	0.36	1.16E-01
155	0.74	0.39	8.74E-02
156	0.74	0.42	5.91E-02
157	0.74	0.45	3.09E-02
158	0.74	0.48	2.80E-03
159	0.74	0.51	-2.52E-02
160	0.74	0.54	-5.31E-02
161	0.7399	0.57	-8.07E-02
162	0.8	0	4.79E-01
163	0.8	0.05	4.29E-01
164	0.8	0.1001	3.80E-01
165	0.8	0.1501	3.31E-01
166	0.8	0.2	2.82E-01
167	0.8	0.2251	2.58E-01
168	0.8	0.2501	2.33E-01
169	0.8	0.275	2.09E-01
170	0.8	0.3	1.85E-01
171	0.8	0.33	1.56E-01
172	0.8	0.36	1.28E-01
173	0.8	0.39	9.92E-02
174	0.8	0.42	7.07E-02
175	0.8	0.45	4.22E-02
176	0.8	0.48	1.37E-02
177	0.8	0.51	-1.48E-02
178	0.8	0.54	-4.33E-02
179	0.8	0.57	-7.20E-02
180	0.8	0.6	-1.01E-01
181	0.85	0	4.90E-01
182	0.85	0.05	4.40E-01
183	0.85	0.1001	3.90E-01
184	0.85	0.1501	3.41E-01
185	0.85	0.2	2.92E-01
186	0.85	0.2251	2.68E-01
187	0.85	0.2501	2.43E-01
188	0.85	0.275	2.19E-01
189	0.85	0.3	1.95E-01
190	0.85	0.33	1.66E-01
191	0.85	0.36	1.38E-01
192	0.85	0.39	1.09E-01
193	0.85	0.42	8.01E-02
194	0.85	0.45	5.15E-02
195	0.85	0.48	2.28E-02
196	0.85	0.51	-5.96E-03
197	0.85	0.54	-3.48E-02
198	0.85	0.57	-6.40E-02
199	0.85	0.6	-9.36E-02
200	0.85	0.6251	-1.16E-01
201	0.9	0	5.00E-01
202	0.9	0.05	4.50E-01
203	0.9	0.1001	4.00E-01
204	0.9	0.1501	3.51E-01
205	0.9	0.2	3.02E-01
206	0.9	0.2251	2.78E-01
207	0.9	0.2501	2.53E-01
208	0.9	0.275	2.29E-01
209	0.9	0.3	2.05E-01
210	0.9	0.33	1.76E-01
211	0.9	0.36	1.47E-01
212	0.9	0.39	1.18E-01
213	0.9	0.42	8.95E-02
214	0.9	0.45	6.08E-02
215	0.9	0.48	3.20E-02
216	0.9	0.51	3.17E-03
217	0.9	0.54	-2.58E-02
218	0.9	0.57	-5.49E-02
219	0.9	0.6	-8.43E-02
220	0.9	0.6251	-1.00E-01
221	0.9	0.65	-1.19E-01
222	0.9499	0	5.09E-01
223	0.9499	0.05	4.59E-01
224	0.9499	0.1001	4.10E-01
225	0.9499	0.1501	3.60E-01
226	0.9499	0.2	3.12E-01
227	0.9499	0.2251	2.87E-01
228	0.9499	0.2501	2.63E-01
229	0.9499	0.275	2.39E-01
230	0.9499	0.3	2.14E-01
231	0.9499	0.33	1.85E-01
232	0.9499	0.36	1.57E-01
233	0.9499	0.3901	1.28E-01
234	0.9499	0.42	9.89E-02
235	0.9499	0.45	7.01E-02
236	0.9499	0.48	4.14E-02
237	0.9499	0.51	1.26E-02
238	0.9499	0.54	-1.63E-02
239	0.9499	0.57	-4.51E-02
240	0.9499	0.6	-7.41E-02
241	0.9499	0.6251	-7.91E-02
242	0.9499	0.65	-8.49E-02
243	0.9499	0.675	-9.84E-02
244	1	0	5.19E-01
245	1	0.05	4.69E-01
246	1	0.1001	4.19E-01
247	1	0.1501	3.70E-01
248	1	0.2	3.21E-01
249	1	0.2251	2.96E-01
250	1	0.2501	2.72E-01
251	1	0.275	2.48E-01
252	1	0.3	2.24E-01
253	1	0.33	1.95E-01
254	1	0.36	1.66E-01
255	1	0.39	1.37E-01
256	1	0.42	1.08E-01
257	1	0.45	7.95E-02
258	1	0.48	5.08E-02
259	1	0.51	2.21E-02
260	1	0.54	-6.50E-03
261	1	0.57	-3.51E-02
262	1	0.6	-6.36E-02
263	1	0.6251	-5.49E-02
264	1	0.65	-4.41E-02
265	1	0.675	-2.49E-02
266	1	0.7	0.00E+00
267	1.06	0	5.29E-01
268	1.06	0.05	4.80E-01
269	1.06	0.1001	4.30E-01
270	1.06	0.1501	3.81E-01
271	1.06	0.2	3.32E-01
272	1.06	0.2251	3.07E-01
273	1.06	0.2501	2.83E-01
274	1.06	0.275	2.59E-01
275	1.06	0.3	2.35E-01
276	1.06	0.33	2.06E-01
277	1.06	0.36	1.77E-01
278	1.06	0.3901	1.48E-01
279	1.06	0.42	1.19E-01
280	1.06	0.4501	9.04E-02
281	1.06	0.48	6.19E-02
282	1.06	0.51	3.34E-02
283	1.06	0.5401	4.95E-03
284	1.06	0.5701	-2.33E-02
285	1.06	0.6	-5.13E-02
286	1.06	0.6251	-3.36E-02
287	1.06	0.65	-1.48E-02
288	1.06	0.675	5.04E-03
289	1.06	0.7	2.64E-02
290	1.06	0.73	0.00E+00
291	1.12	0	5.40E-01
292	1.12	0.05	4.90E-01
293	1.12	0.1001	4.40E-01
294	1.12	0.1501	3.91E-01
295	1.12	0.2	3.42E-01
296	1.12	0.2251	3.18E-01
297	1.12	0.2501	2.93E-01
298	1.12	0.275	2.69E-01
299	1.12	0.3	2.45E-01
300	1.12	0.33	2.16E-01
301	1.12	0.36	1.87E-01
302	1.1198	0.3901	1.58E-01
303	1.1198	0.42	1.30E-01
304	1.12	0.45	1.01E-01
305	1.12	0.48	7.27E-02
306	1.12	0.51	4.44E-02
307	1.12	0.54	1.62E-02
308	1.12	0.57	-1.19E-02
309	1.12	0.6	-3.99E-02
310	1.12	0.6251	-1.93E-02
311	1.12	0.65	1.26E-03
312	1.12	0.675	2.25E-02
313	1.12	0.7	4.42E-02
314	1.12	0.73	1.66E-02
315	1.12	0.76	-9.86E-03
316	1.18	0	5.50E-01
317	1.18	0.05	5.00E-01
318	1.18	0.1001	4.50E-01
319	1.18	0.1501	4.01E-01
320	1.18	0.2	3.52E-01
321	1.18	0.2251	3.28E-01
322	1.18	0.2501	3.03E-01
323	1.18	0.275	2.79E-01
324	1.18	0.3	2.55E-01
325	1.18	0.33	2.26E-01
326	1.18	0.36	1.97E-01
327	1.1798	0.39	1.69E-01
328	1.18	0.42	1.40E-01
329	1.18	0.45	1.12E-01
330	1.18	0.48	8.32E-02
331	1.18	0.51	5.49E-02
332	1.18	0.54	2.67E-02
333	1.18	0.57	-1.28E-03
334	1.18	0.6	-2.92E-02
335	1.18	0.6251	-7.48E-03
336	1.18	0.65	1.42E-02
337	1.18	0.675	3.61E-02
338	1.18	0.7	5.83E-02
339	1.18	0.73	3.07E-02
340	1.18	0.76	3.39E-03
341	1.18	0.79	-2.35E-02
342	1.24	0	5.59E-01
343	1.24	0.05	5.10E-01
344	1.24	0.1001	4.60E-01
345	1.24	0.1501	4.11E-01
346	1.24	0.2	3.62E-01
347	1.24	0.2251	3.37E-01
348	1.24	0.2501	3.13E-01
349	1.24	0.275	2.89E-01
350	1.24	0.3	2.65E-01
351	1.24	0.33	2.36E-01
352	1.24	0.36	2.07E-01
353	1.24	0.39	1.78E-01
354	1.24	0.42	1.50E-01
355	1.24	0.45	1.21E-01
356	1.24	0.48	9.31E-02
357	1.24	0.51	6.49E-02
358	1.24	0.54	3.68E-02
359	1.24	0.57	8.83E-03
360	1.24	0.6	-1.90E-02
361	1.24	0.6251	3.39E-03
362	1.24	0.65	2.57E-02
363	1.24	0.675	4.83E-02
364	1.24	0.7	7.10E-02
365	1.24	0.73	4.33E-02
366	1.24	0.76	1.58E-02
367	1.24	0.79	-1.15E-02
368	1.24	0.82	-3.86E-02
369	1.3	0	5.69E-01
370	1.3	0.05	5.19E-01
371	1.3	0.1001	4.69E-01
372	1.3	0.1501	4.20E-01
373	1.3	0.2	3.71E-01
374	1.3	0.2251	3.47E-01
375	1.3	0.2501	3.22E-01
376	1.3	0.275	2.98E-01
377	1.3	0.3	2.74E-01
378	1.3	0.33	2.45E-01
379	1.3	0.36	2.16E-01
380	1.3	0.39	1.88E-01
381	1.3	0.42	1.59E-01
382	1.3	0.45	1.31E-01
383	1.3	0.48	1.03E-01
384	1.3	0.51	7.44E-02
385	1.3	0.54	4.64E-02
386	1.3	0.57	1.84E-02
387	1.3	0.6	-9.38E-03
388	1.3	0.6251	1.36E-02
389	1.3	0.65	3.65E-02
390	1.3	0.675	5.96E-02
391	1.3	0.7	8.27E-02
392	1.3	0.73	5.51E-02
393	1.3	0.76	2.75E-02
394	1.3	0.79	1.08E-04
395	1.3	0.82	-2.72E-02
396	1.3	0.85	-5.45E-02
397	1.36	0	5.77E-01
398	1.36	0.05	5.27E-01
399	1.36	0.1001	4.78E-01
400	1.36	0.1501	4.29E-01
401	1.36	0.2	3.80E-01
402	1.36	0.2251	3.55E-01
403	1.36	0.2501	3.31E-01
404	1.36	0.275	3.07E-01
405	1.36	0.3	2.83E-01
406	1.36	0.33	2.54E-01
407	1.36	0.36	2.25E-01
408	1.36	0.39	1.97E-01
409	1.36	0.42	1.68E-01
410	1.36	0.45	1.40E-01
411	1.36	0.48	1.12E-01
412	1.36	0.51	8.34E-02
413	1.36	0.54	5.54E-02
414	1.36	0.57	2.75E-02
415	1.36	0.6	-2.59E-04
416	1.36	0.6251	2.33E-02
417	1.36	0.65	4.67E-02
418	1.36	0.675	7.03E-02
419	1.36	0.7	9.40E-02
420	1.36	0.73	6.63E-02
421	1.36	0.76	3.88E-02
422	1.36	0.79	1.13E-02
423	1.36	0.82	-1.61E-02
424	1.36	0.85	-4.35E-02
425	1.36	0.88	-7.07E-02
426	1.42	0	5.86E-01
427	1.4198	0.05	5.36E-01
428	1.42	0.1001	4.86E-01
429	1.42	0.1501	4.37E-01
430	1.42	0.2	3.88E-01
431	1.4198	0.2251	3.64E-01
432	1.42	0.2501	3.39E-01
433	1.42	0.275	3.15E-01
434	1.42	0.3	2.91E-01
435	1.42	0.33	2.62E-01
436	1.42	0.36	2.34E-01
437	1.42	0.39	2.05E-01
438	1.42	0.42	1.77E-01
439	1.42	0.45	1.48E-01
440	1.42	0.48	1.20E-01
441	1.42	0.51	9.20E-02
442	1.42	0.54	6.40E-02
443	1.42	0.57	3.61E-02
444	1.42	0.6	8.38E-03
445	1.4198	0.6251	3.25E-02
446	1.42	0.65	5.65E-02
447	1.42	0.675	8.06E-02
448	1.42	0.7	1.05E-01
449	1.42	0.73	7.72E-02
450	1.42	0.76	4.96E-02
451	1.42	0.79	2.22E-02
452	1.42	0.82	-5.25E-03
453	1.42	0.85	-3.26E-02
454	1.4198	0.88	-6.00E-02
455	1.4198	0.91	-8.73E-02
456	1.48	0	5.93E-01
457	1.48	0.05	5.44E-01
458	1.48	0.1001	4.94E-01
459	1.48	0.1501	4.45E-01
460	1.48	0.2	3.96E-01
461	1.48	0.2251	3.72E-01
462	1.48	0.2501	3.47E-01
463	1.48	0.275	3.23E-01
464	1.48	0.3	2.99E-01
465	1.48	0.33	2.70E-01
466	1.48	0.36	2.42E-01
467	1.48	0.39	2.13E-01
468	1.48	0.42	1.85E-01
469	1.48	0.45	1.56E-01
470	1.48	0.48	1.28E-01
471	1.48	0.51	1.00E-01
472	1.48	0.54	7.21E-02
473	1.48	0.57	4.43E-02
474	1.48	0.6	1.65E-02
475	1.48	0.6251	4.12E-02
476	1.48	0.65	6.58E-02
477	1.48	0.675	9.05E-02
478	1.48	0.7	1.15E-01
479	1.48	0.73	8.77E-02
480	1.48	0.76	6.02E-02
481	1.48	0.79	3.28E-02
482	1.48	0.82	5.40E-03
483	1.48	0.85	-2.19E-02
484	1.48	0.88	-4.92E-02
485	1.48	0.91	-7.64E-02
486	1.48	0.94	-1.04E-01
487	1.54	0	6.01E-01
488	1.54	0.05	5.51E-01
489	1.54	0.1001	5.01E-01
490	1.54	0.1501	4.52E-01
491	1.54	0.2	4.03E-01
492	1.54	0.2251	3.79E-01
493	1.54	0.2501	3.55E-01
494	1.54	0.275	3.31E-01
495	1.54	0.3	3.07E-01
496	1.54	0.33	2.78E-01
497	1.54	0.36	2.49E-01
498	1.54	0.39	2.21E-01
499	1.54	0.42	1.92E-01
500	1.54	0.45	1.64E-01
501	1.54	0.48	1.36E-01
502	1.54	0.51	1.08E-01
503	1.54	0.54	7.97E-02
504	1.54	0.57	5.19E-02
505	1.54	0.6	2.42E-02
506	1.54	0.6251	4.95E-02
507	1.54	0.65	7.47E-02
508	1.54	0.675	1.00E-01
509	1.54	0.7	1.26E-01
510	1.54	0.73	9.79E-02
511	1.54	0.76	7.05E-02
512	1.54	0.79	4.31E-02
513	1.54	0.82	1.58E-02
514	1.5398	0.85	-1.14E-02
515	1.54	0.88	-3.85E-02
516	1.54	0.91	-6.56E-02
517	1.54	0.94	-9.26E-02
518	1.54	0.97	-1.20E-01
519	1.6	0	6.08E-01
520	1.6	0.05	5.58E-01
521	1.6	0.1001	5.08E-01
522	1.6	0.1501	4.59E-01
523	1.6	0.2	4.10E-01
524	1.6	0.2251	3.86E-01
525	1.6	0.2501	3.62E-01
526	1.6	0.275	3.38E-01
527	1.6	0.3	3.14E-01
528	1.6	0.33	2.85E-01
529	1.6	0.36	2.56E-01
530	1.6	0.39	2.28E-01
531	1.6	0.42	1.99E-01
532	1.6	0.45	1.71E-01
533	1.6	0.48	1.43E-01
534	1.6	0.51	1.15E-01
535	1.6	0.54	8.69E-02
536	1.6	0.57	5.91E-02
537	1.6	0.6	3.14E-02
538	1.6	0.6251	5.74E-02
539	1.6	0.65	8.32E-02
540	1.6	0.675	1.09E-01
541	1.6	0.7	1.35E-01
542	1.6	0.73	1.08E-01
543	1.6	0.76	8.03E-02
544	1.6	0.79	5.30E-02
545	1.6	0.82	2.59E-02
546	1.6	0.85	-1.18E-03
547	1.6	0.88	-2.81E-02
548	1.6	0.91	-5.49E-02
549	1.6	0.94	-8.15E-02
550	1.6	0.97	-1.08E-01
551	1.6	1	-1.34E-01
552	1.6399	0	6.12E-01
553	1.6399	0.05	5.62E-01
554	1.6399	0.1001	5.13E-01
555	1.6399	0.1501	4.63E-01
556	1.6399	0.2	4.15E-01
557	1.6399	0.2251	3.90E-01
558	1.6399	0.2501	3.66E-01
559	1.6399	0.275	3.42E-01
560	1.6399	0.3001	3.18E-01
561	1.6399	0.33	2.89E-01
562	1.6399	0.36	2.61E-01
563	1.6399	0.3901	2.32E-01
564	1.6399	0.4201	2.04E-01
565	1.6399	0.4501	1.75E-01
566	1.6399	0.4801	1.47E-01
567	1.6399	0.5101	1.19E-01
568	1.6399	0.5401	9.13E-02
569	1.6399	0.57	6.36E-02
570	1.6399	0.6	3.60E-02
571	1.6399	0.6251	6.23E-02
572	1.6399	0.65	8.85E-02
573	1.6399	0.675	1.15E-01
574	1.6399	0.7	1.41E-01
575	1.6399	0.73	1.14E-01
576	1.6399	0.76	8.66E-02
577	1.6399	0.7901	5.93E-02
578	1.6399	0.8201	3.22E-02
579	1.6399	0.85	5.35E-03
580	1.6399	0.8801	-2.15E-02
581	1.6399	0.9101	-4.81E-02
582	1.6399	0.9401	-7.45E-02
583	1.6399	0.9701	-1.01E-01
584	1.6399	1	-1.26E-01
585	1.6799	0	6.16E-01
586	1.6799	0.05	5.66E-01
587	1.6799	0.1001	5.17E-01
588	1.6799	0.1501	4.68E-01
589	1.6799	0.2	4.19E-01
590	1.6799	0.2251	3.94E-01
591	1.6799	0.2501	3.70E-01
592	1.6799	0.275	3.46E-01
593	1.6799	0.3	3.22E-01
594	1.6799	0.33	2.93E-01
595	1.6799	0.36	2.65E-01
596	1.6799	0.3901	2.36E-01
597	1.6799	0.42	2.08E-01
598	1.6799	0.4501	1.80E-01
599	1.6799	0.48	1.52E-01
600	1.6799	0.51	1.24E-01
601	1.6799	0.5401	9.56E-02
602	1.6799	0.5701	6.78E-02
603	1.6799	0.6	4.03E-02
604	1.6799	0.6251	6.70E-02
605	1.6799	0.65	9.37E-02
606	1.6799	0.675	1.20E-01
607	1.6799	0.7	1.47E-01
608	1.6799	0.73	1.20E-01
609	1.6799	0.76	9.26E-02
610	1.6799	0.79	6.55E-02
611	1.6799	0.82	3.85E-02
612	1.6799	0.85	1.16E-02
613	1.6799	0.88	-1.50E-02
614	1.6799	0.9101	-4.16E-02
615	1.6799	0.9401	-6.78E-02
616	1.6799	0.9701	-9.38E-02
617	1.6799	1	-1.19E-01
618	1.72	0	6.20E-01
619	1.72	0.05	5.70E-01
620	1.72	0.1001	5.21E-01
621	1.72	0.1501	4.71E-01
622	1.72	0.2	4.23E-01
623	1.72	0.2251	3.98E-01
624	1.72	0.2501	3.74E-01
625	1.72	0.275	3.50E-01
626	1.72	0.3	3.26E-01
627	1.72	0.33	2.97E-01
628	1.72	0.36	2.69E-01
629	1.72	0.39	2.40E-01
630	1.72	0.42	2.12E-01
631	1.72	0.45	1.84E-01
632	1.72	0.48	1.56E-01
633	1.72	0.51	1.28E-01
634	1.72	0.54	9.97E-02
635	1.72	0.57	7.20E-02
636	1.72	0.6	4.44E-02
637	1.72	0.6251	7.15E-02
638	1.72	0.65	9.86E-02
639	1.72	0.675	1.26E-01
640	1.72	0.7	1.53E-01
641	1.72	0.73	1.26E-01
642	1.72	0.76	9.84E-02
643	1.72	0.79	7.13E-02
644	1.72	0.82	4.44E-02
645	1.72	0.85	1.76E-02
646	1.72	0.88	-8.97E-03
647	1.72	0.9101	-3.54E-02
648	1.72	0.9401	-6.16E-02
649	1.72	0.9701	-8.74E-02
650	1.72	1	-1.13E-01
651	1.7599	0	6.24E-01
652	1.7599	0.05	5.74E-01
653	1.7599	0.1001	5.24E-01
654	1.7599	0.1501	4.75E-01
655	1.7599	0.2	4.26E-01
656	1.7599	0.2251	4.02E-01
657	1.7599	0.2501	3.78E-01
658	1.7599	0.275	3.54E-01
659	1.7599	0.3	3.30E-01
660	1.7599	0.33	3.01E-01
661	1.7599	0.36	2.73E-01
662	1.7599	0.3901	2.44E-01
663	1.7599	0.42	2.16E-01
664	1.7599	0.45	1.87E-01
665	1.7599	0.48	1.59E-01
666	1.7599	0.51	1.31E-01
667	1.7599	0.54	1.04E-01
668	1.7599	0.57	7.58E-02
669	1.7599	0.6	4.82E-02
670	1.7599	0.6251	7.58E-02
671	1.7599	0.65	1.03E-01
672	1.7599	0.675	1.31E-01
673	1.7599	0.7	1.59E-01
674	1.7599	0.73	1.31E-01
675	1.7599	0.76	1.04E-01
676	1.7599	0.7901	7.67E-02
677	1.7599	0.82	4.99E-02
678	1.7599	0.85	2.32E-02
679	1.7599	0.88	-3.31E-03
680	1.7599	0.9101	-2.97E-02
681	1.7599	0.9401	-5.58E-02
682	1.7599	0.9701	-8.16E-02
683	1.7599	1	-1.07E-01
684	1.7999	0	6.27E-01
685	1.7999	0.05	5.77E-01
686	1.7999	0.1001	5.28E-01
687	1.7999	0.1501	4.79E-01
688	1.7999	0.2	4.30E-01
689	1.7999	0.2251	4.06E-01
690	1.7999	0.2501	3.81E-01
691	1.7999	0.275	3.57E-01
692	1.7999	0.3	3.33E-01
693	1.7999	0.3301	3.05E-01
694	1.7999	0.36	2.76E-01
695	1.7999	0.39	2.48E-01
696	1.7999	0.42	2.19E-01
697	1.7999	0.45	1.91E-01
698	1.7999	0.48	1.63E-01
699	1.7999	0.51	1.35E-01
700	1.7999	0.5401	1.07E-01
701	1.7999	0.5701	7.94E-02
702	1.7999	0.6	5.19E-02
703	1.7999	0.6251	7.98E-02
704	1.7999	0.65	1.08E-01
705	1.7999	0.675	1.36E-01
706	1.7999	0.7	1.64E-01
707	1.7999	0.73	1.36E-01
708	1.7999	0.76	1.09E-01
709	1.7999	0.7901	8.19E-02
710	1.7999	0.82	5.51E-02
711	1.7999	0.85	2.85E-02
712	1.7999	0.8801	1.92E-03
713	1.7999	0.9101	-2.43E-02
714	1.7999	0.9401	-5.04E-02
715	1.7999	0.9701	-7.62E-02
716	1.7999	1	-1.02E-01
717	1.84	0	6.30E-01
718	1.84	0.05	5.81E-01
719	1.84	0.1001	5.31E-01
720	1.84	0.1501	4.82E-01
721	1.84	0.2	4.33E-01
722	1.84	0.2251	4.09E-01
723	1.84	0.2501	3.85E-01
724	1.84	0.275	3.61E-01
725	1.84	0.3	3.37E-01
726	1.84	0.33	3.08E-01
727	1.84	0.36	2.79E-01
728	1.84	0.39	2.51E-01
729	1.84	0.42	2.23E-01
730	1.84	0.45	1.94E-01
731	1.84	0.48	1.66E-01
732	1.84	0.51	1.38E-01
733	1.84	0.54	1.11E-01
734	1.84	0.57	8.29E-02
735	1.84	0.6	5.53E-02
736	1.84	0.6251	8.36E-02
737	1.84	0.65	1.12E-01
738	1.84	0.675	1.40E-01
739	1.84	0.7	1.68E-01
740	1.84	0.73	1.41E-01
741	1.84	0.76	1.14E-01
742	1.84	0.79	8.69E-02
743	1.84	0.82	6.00E-02
744	1.84	0.85	3.34E-02
745	1.84	0.88	6.97E-03
746	1.84	0.9101	-1.93E-02
747	1.84	0.9401	-4.54E-02
748	1.84	0.9701	-7.12E-02
749	1.84	1	-9.67E-02
750	1.8799	0	6.34E-01
751	1.8799	0.05	5.84E-01
752	1.8799	0.1001	5.34E-01
753	1.8799	0.1501	4.85E-01
754	1.8799	0.2	4.36E-01
755	1.8799	0.2251	4.12E-01
756	1.8799	0.2501	3.88E-01
757	1.8799	0.275	3.64E-01
758	1.8799	0.3	3.40E-01
759	1.8799	0.33	3.11E-01
760	1.8799	0.36	2.82E-01
761	1.8799	0.39	2.54E-01
762	1.8799	0.42	2.26E-01
763	1.8799	0.45	1.98E-01
764	1.8799	0.48	1.69E-01
765	1.8799	0.51	1.42E-01
766	1.8799	0.54	1.14E-01
767	1.8799	0.57	8.60E-02
768	1.8799	0.6	5.85E-02
769	1.8799	0.6251	8.71E-02
770	1.8799	0.65	1.15E-01
771	1.8799	0.675	1.44E-01
772	1.8799	0.7	1.73E-01
773	1.8799	0.73	1.46E-01
774	1.8799	0.76	1.18E-01
775	1.8799	0.79	9.14E-02
776	1.8799	0.82	6.46E-02
777	1.8799	0.85	3.80E-02
778	1.8799	0.8801	1.15E-02
779	1.8799	0.9101	-1.47E-02
780	1.8799	0.9401	-4.08E-02
781	1.8799	0.9701	-6.66E-02
782	1.8799	1	-9.21E-02
783	1.9199	0	6.36E-01
784	1.9199	0.05	5.87E-01
785	1.9199	0.1001	5.37E-01
786	1.9199	0.1501	4.88E-01
787	1.9199	0.2	4.39E-01
788	1.9199	0.2251	4.15E-01
789	1.9199	0.2501	3.91E-01
790	1.9199	0.275	3.67E-01
791	1.9199	0.3	3.43E-01
792	1.9199	0.33	3.14E-01
793	1.9199	0.36	2.85E-01
794	1.9199	0.39	2.57E-01
795	1.9199	0.4201	2.29E-01
796	1.9199	0.45	2.00E-01
797	1.9199	0.48	1.72E-01
798	1.9199	0.5101	1.44E-01
799	1.9199	0.54	1.17E-01
800	1.9199	0.57	8.90E-02
801	1.9199	0.6	6.15E-02
802	1.9199	0.6251	9.03E-02
803	1.9199	0.65	1.19E-01
804	1.9199	0.675	1.48E-01
805	1.9199	0.7	1.77E-01
806	1.9199	0.73	1.50E-01
807	1.9199	0.76	1.23E-01
808	1.9199	0.7901	9.55E-02
809	1.9199	0.82	6.88E-02
810	1.9199	0.85	4.22E-02
811	1.9199	0.8801	1.57E-02
812	1.9199	0.9101	-1.05E-02
813	1.9199	0.9401	-3.65E-02
814	1.9199	0.9701	-6.23E-02
815	1.9199	1	-8.78E-02
816	1.96	0	6.39E-01
817	1.96	0.05	5.89E-01
818	1.96	0.1001	5.40E-01
819	1.96	0.1501	4.90E-01
820	1.96	0.2	4.42E-01
821	1.96	0.2251	4.17E-01
822	1.96	0.2501	3.93E-01
823	1.96	0.275	3.69E-01
824	1.96	0.3	3.45E-01
825	1.96	0.33	3.17E-01
826	1.96	0.36	2.88E-01
827	1.96	0.39	2.60E-01
828	1.96	0.4201	2.31E-01
829	1.96	0.45	2.03E-01
830	1.96	0.48	1.75E-01
831	1.96	0.5101	1.47E-01
832	1.96	0.54	1.19E-01
833	1.96	0.57	9.17E-02
834	1.96	0.6	6.42E-02
835	1.96	0.6251	9.33E-02
836	1.96	0.65	1.22E-01
837	1.96	0.675	1.52E-01
838	1.96	0.7	1.81E-01
839	1.96	0.73	1.54E-01
840	1.96	0.76	1.26E-01
841	1.96	0.79	9.94E-02
842	1.96	0.82	7.27E-02
843	1.96	0.85	4.61E-02
844	1.96	0.8801	1.96E-02
845	1.96	0.9101	-6.58E-03
846	1.96	0.9401	-3.26E-02
847	1.96	0.9701	-5.84E-02
848	1.96	1	-8.39E-02
849	1.9999	0	6.41E-01
850	1.9999	0.05	5.91E-01
851	1.9999	0.1001	5.42E-01
852	1.9999	0.1501	4.93E-01
853	1.9999	0.2	4.44E-01
854	1.9999	0.2251	4.20E-01
855	1.9999	0.2501	3.96E-01
856	1.9999	0.275	3.72E-01
857	1.9999	0.3	3.48E-01
858	1.9999	0.33	3.19E-01
859	1.9999	0.36	2.90E-01
860	1.9999	0.39	2.62E-01
861	1.9999	0.42	2.34E-01
862	1.9999	0.45	2.06E-01
863	1.9999	0.48	1.78E-01
864	1.9999	0.51	1.50E-01
865	1.9999	0.54	1.22E-01
866	1.9999	0.57	9.42E-02
867	1.9999	0.6	6.67E-02
868	1.9999	0.6251	9.60E-02
869	1.9999	0.65	1.25E-01
870	1.9999	0.675	1.55E-01
871	1.9999	0.7	1.84E-01
872	1.9999	0.73	1.57E-01
873	1.9999	0.76	1.30E-01
874	1.9999	0.79	1.03E-01
875	1.9999	0.82	7.62E-02
876	1.9999	0.85	4.96E-02
877	1.9999	0.88	2.32E-02
878	1.9999	0.9101	-3.04E-03
879	1.9999	0.9401	-2.90E-02
880	1.9999	0.9701	-5.48E-02
881	1.9999	1	-8.03E-02
882	2.0399	0	6.43E-01
883	2.0399	0.05	5.94E-01
884	2.0399	0.1001	5.44E-01
885	2.0399	0.1501	4.95E-01
886	2.0399	0.2	4.46E-01
887	2.0399	0.2251	4.22E-01
888	2.0399	0.2501	3.98E-01
889	2.0399	0.275	3.74E-01
890	2.0399	0.3	3.50E-01
891	2.0399	0.33	3.21E-01
892	2.0399	0.36	2.93E-01
893	2.0399	0.39	2.64E-01
894	2.0399	0.42	2.36E-01
895	2.0399	0.45	2.08E-01
896	2.0399	0.48	1.80E-01
897	2.0399	0.51	1.52E-01
898	2.0399	0.54	1.24E-01
899	2.0399	0.57	9.64E-02
900	2.0399	0.6	6.89E-02
901	2.0399	0.6251	9.85E-02
902	2.0399	0.65	1.28E-01
903	2.0399	0.675	1.58E-01
904	2.0399	0.7	1.88E-01
905	2.0399	0.73	1.60E-01
906	2.0399	0.76	1.33E-01
907	2.0399	0.79	1.06E-01
908	2.0399	0.82	7.94E-02
909	2.0399	0.85	5.28E-02
910	2.0399	0.88	2.64E-02
911	2.0399	0.9101	1.60E-04
912	2.0399	0.9401	-2.58E-02
913	2.0399	0.9701	-5.16E-02
914	2.0399	1	-7.71E-02
915	2.08	0	6.45E-01
916	2.08	0.05	5.96E-01
917	2.08	0.1001	5.46E-01
918	2.08	0.1501	4.97E-01
919	2.08	0.2	4.48E-01
920	2.08	0.2251	4.24E-01
921	2.08	0.2501	4.00E-01
922	2.08	0.275	3.76E-01
923	2.08	0.3	3.52E-01
924	2.08	0.33	3.23E-01
925	2.08	0.36	2.95E-01
926	2.08	0.39	2.66E-01
927	2.08	0.42	2.38E-01
928	2.08	0.45	2.10E-01
929	2.08	0.48	1.82E-01
930	2.08	0.51	1.54E-01
931	2.08	0.54	1.26E-01
932	2.08	0.57	9.85E-02
933	2.08	0.6	7.10E-02
934	2.08	0.6251	1.01E-01
935	2.08	0.65	1.30E-01
936	2.08	0.675	1.60E-01
937	2.08	0.7	1.90E-01
938	2.08	0.73	1.63E-01
939	2.08	0.76	1.36E-01
940	2.08	0.79	1.09E-01
941	2.08	0.82	8.22E-02
942	2.08	0.85	5.57E-02
943	2.08	0.88	2.93E-02
944	2.08	0.9101	3.03E-03
945	2.08	0.9401	-2.30E-02
946	2.08	0.9701	-4.87E-02
947	2.08	1	-7.43E-02
948	2.1199	0	6.47E-01
949	2.1199	0.05	5.97E-01
950	2.1199	0.1001	5.48E-01
951	2.1199	0.1501	4.99E-01
952	2.1199	0.2	4.50E-01
953	2.1199	0.2251	4.26E-01
954	2.1199	0.2501	4.01E-01
955	2.1199	0.275	3.77E-01
956	2.1199	0.3	3.53E-01
957	2.1199	0.33	3.25E-01
958	2.1199	0.36	2.96E-01
959	2.1199	0.39	2.68E-01
960	2.1199	0.42	2.40E-01
961	2.1199	0.45	2.11E-01
962	2.1199	0.48	1.83E-01
963	2.1199	0.5101	1.56E-01
964	2.1199	0.54	1.28E-01
965	2.1199	0.57	1.00E-01
966	2.1199	0.6	7.27E-02
967	2.1199	0.6251	1.03E-01
968	2.1199	0.65	1.33E-01
969	2.1199	0.675	1.63E-01
970	2.1199	0.7	1.93E-01
971	2.1199	0.73	1.65E-01
972	2.1199	0.76	1.38E-01
973	2.1199	0.79	1.11E-01
974	2.1199	0.82	8.47E-02
975	2.1199	0.85	5.82E-02
976	2.1199	0.88	3.18E-02
977	2.1199	0.9101	5.54E-03
978	2.1199	0.9401	-2.04E-02
979	2.1199	0.9701	-4.62E-02
980	2.1199	1	-7.17E-02
981	2.1599	0	6.49E-01
982	2.1599	0.05	5.99E-01
983	2.1599	0.1001	5.49E-01
984	2.1599	0.1501	5.00E-01
985	2.1599	0.2	4.51E-01
986	2.1599	0.2251	4.27E-01
987	2.1599	0.2501	4.03E-01
988	2.1599	0.275	3.79E-01
989	2.1599	0.3	3.55E-01
990	2.1599	0.33	3.26E-01
991	2.1599	0.36	2.98E-01
992	2.1599	0.39	2.69E-01
993	2.1599	0.42	2.41E-01
994	2.1599	0.45	2.13E-01
995	2.1599	0.48	1.85E-01
996	2.1599	0.51	1.57E-01
997	2.1599	0.54	1.29E-01
998	2.1599	0.57	1.02E-01
999	2.1599	0.6	7.43E-02
1000	2.1599	0.6251	1.04E-01
1001	2.1599	0.65	1.34E-01
1002	2.1599	0.675	1.65E-01
1003	2.1599	0.7	1.95E-01
1004	2.1599	0.73	1.68E-01
1005	2.1599	0.76	1.41E-01
1006	2.1599	0.7901	1.14E-01
1007	2.1599	0.82	8.69E-02
1008	2.1599	0.85	6.03E-02
1009	2.1599	0.8801	3.39E-02
1010	2.1599	0.9101	7.72E-03
1011	2.1599	0.9401	-1.83E-02
1012	2.1599	0.9701	-4.40E-02
1013	2.1599	1	-6.95E-02
1014	2.2	0	6.50E-01
1015	2.2	0.05	6.00E-01
1016	2.2	0.1001	5.50E-01
1017	2.2	0.1501	5.01E-01
1018	2.2	0.2	4.53E-01
1019	2.2	0.2251	4.28E-01
1020	2.2	0.2501	4.04E-01
1021	2.2	0.275	3.80E-01
1022	2.2	0.3	3.56E-01
1023	2.2	0.33	3.28E-01
1024	2.2	0.36	2.99E-01
1025	2.2	0.39	2.71E-01
1026	2.2	0.42	2.42E-01
1027	2.2	0.45	2.14E-01
1028	2.2	0.48	1.86E-01
1029	2.2	0.51	1.58E-01
1030	2.2	0.54	1.31E-01
1031	2.2	0.57	1.03E-01
1032	2.2	0.6	7.56E-02
1033	2.2	0.6251	1.06E-01
1034	2.2	0.65	1.36E-01
1035	2.2	0.675	1.66E-01
1036	2.2	0.7	1.97E-01
1037	2.2	0.73	1.69E-01
1038	2.2	0.76	1.42E-01
1039	2.2	0.7901	1.15E-01
1040	2.2	0.82	8.87E-02
1041	2.2	0.85	6.22E-02
1042	2.2	0.88	3.58E-02
1043	2.2	0.9101	9.57E-03
1044	2.2	0.9401	-1.64E-02
1045	2.2	0.9701	-4.22E-02
1046	2.2	1	-6.77E-02
1047	2.2399	0	6.51E-01
1048	2.2399	0.05	6.01E-01
1049	2.2399	0.1001	5.51E-01
1050	2.2399	0.1501	5.02E-01
1051	2.2399	0.2	4.54E-01
1052	2.2399	0.2251	4.29E-01
1053	2.2399	0.2501	4.05E-01
1054	2.2399	0.275	3.81E-01
1055	2.2399	0.3	3.57E-01
1056	2.2399	0.33	3.29E-01
1057	2.2399	0.36	3.00E-01
1058	2.2399	0.39	2.72E-01
1059	2.2399	0.42	2.43E-01
1060	2.2399	0.45	2.15E-01
1061	2.2399	0.48	1.87E-01
1062	2.2399	0.51	1.59E-01
1063	2.2399	0.54	1.32E-01
1064	2.2399	0.57	1.04E-01
1065	2.2399	0.6	7.67E-02
1066	2.2399	0.6251	1.07E-01
1067	2.2399	0.65	1.37E-01
1068	2.2399	0.675	1.68E-01
1069	2.2399	0.7	1.98E-01
1070	2.2399	0.73	1.71E-01
1071	2.2399	0.76	1.44E-01
1072	2.2399	0.79	1.17E-01
1073	2.2399	0.82	9.02E-02
1074	2.2399	0.85	6.37E-02
1075	2.2399	0.8801	3.72E-02
1076	2.2399	0.9101	1.11E-02
1077	2.2399	0.9401	-1.49E-02
1078	2.2399	0.9701	-4.07E-02
1079	2.2399	1	-6.62E-02
1080	2.2799	0	6.52E-01
1081	2.2799	0.05	6.02E-01
1082	2.2799	0.1001	5.52E-01
1083	2.2799	0.1501	5.03E-01
1084	2.2799	0.2	4.55E-01
1085	2.2799	0.2251	4.30E-01
1086	2.2799	0.2501	4.06E-01
1087	2.2799	0.275	3.82E-01
1088	2.2799	0.3	3.58E-01
1089	2.2799	0.33	3.29E-01
1090	2.2799	0.36	3.01E-01
1091	2.2799	0.39	2.73E-01
1092	2.2799	0.42	2.44E-01
1093	2.2799	0.45	2.16E-01
1094	2.2799	0.48	1.88E-01
1095	2.2799	0.51	1.60E-01
1096	2.2799	0.5401	1.32E-01
1097	2.2799	0.57	1.05E-01
1098	2.2799	0.6	7.75E-02
1099	2.2799	0.6251	1.08E-01
1100	2.2799	0.65	1.38E-01
1101	2.2799	0.675	1.69E-01
1102	2.2799	0.7001	1.99E-01
1103	2.2799	0.73	1.72E-01
1104	2.2799	0.76	1.45E-01
1105	2.2799	0.7901	1.18E-01
1106	2.2799	0.8201	9.13E-02
1107	2.2799	0.8501	6.47E-02
1108	2.2799	0.8801	3.84E-02
1109	2.2799	0.9101	1.22E-02
1110	2.2799	0.9401	-1.37E-02
1111	2.2799	0.9701	-3.95E-02
1112	2.2799	1	-6.50E-02
1113	2.32	0	6.52E-01
1114	2.32	0.05	6.02E-01
1115	2.32	0.1001	5.53E-01
1116	2.32	0.1501	5.04E-01
1117	2.32	0.2	4.55E-01
1118	2.32	0.2251	4.31E-01
1119	2.32	0.2501	4.07E-01
1120	2.32	0.275	3.83E-01
1121	2.32	0.3	3.59E-01
1122	2.32	0.33	3.30E-01
1123	2.32	0.36	3.02E-01
1124	2.32	0.39	2.73E-01
1125	2.32	0.42	2.45E-01
1126	2.32	0.45	2.17E-01
1127	2.32	0.48	1.89E-01
1128	2.32	0.5101	1.61E-01
1129	2.32	0.5401	1.33E-01
1130	2.32	0.57	1.06E-01
1131	2.32	0.6	7.81E-02
1132	2.32	0.6251	1.09E-01
1133	2.32	0.65	1.39E-01
1134	2.32	0.675	1.69E-01
1135	2.32	0.7	2.00E-01
1136	2.32	0.73	1.73E-01
1137	2.32	0.76	1.46E-01
1138	2.32	0.79	1.19E-01
1139	2.32	0.82	9.22E-02
1140	2.32	0.85	6.57E-02
1141	2.32	0.8801	3.92E-02
1142	2.32	0.9101	1.31E-02
1143	2.32	0.9401	-1.29E-02
1144	2.32	0.9701	-3.87E-02
1145	2.32	1	-6.42E-02
1146	2.3599	0	6.53E-01
1147	2.3599	0.05	6.03E-01
1148	2.3599	0.1001	5.53E-01
1149	2.3599	0.1501	5.04E-01
1150	2.3599	0.2	4.55E-01
1151	2.3599	0.2251	4.31E-01
1152	2.3599	0.2501	4.07E-01
1153	2.3599	0.275	3.83E-01
1154	2.3599	0.3	3.59E-01
1155	2.3599	0.33	3.30E-01
1156	2.3599	0.36	3.02E-01
1157	2.3599	0.39	2.73E-01
1158	2.3599	0.42	2.45E-01
1159	2.3599	0.45	2.17E-01
1160	2.3599	0.48	1.89E-01
1161	2.3599	0.51	1.61E-01
1162	2.3599	0.54	1.34E-01
1163	2.3599	0.57	1.06E-01
1164	2.3599	0.6	7.85E-02
1165	2.3599	0.6251	1.09E-01
1166	2.3599	0.65	1.39E-01
1167	2.3599	0.675	1.70E-01
1168	2.3599	0.7	2.01E-01
1169	2.3599	0.73	1.73E-01
1170	2.3599	0.76	1.46E-01
1171	2.3599	0.79	1.19E-01
1172	2.3599	0.82	9.27E-02
1173	2.3599	0.85	6.62E-02
1174	2.3599	0.88	3.98E-02
1175	2.3599	0.9101	1.36E-02
1176	2.3599	0.9401	-1.24E-02
1177	2.3599	0.9701	-3.82E-02
1178	2.3599	1	-6.37E-02
1179	2.4	0	6.53E-01
1180	2.4	0.05	6.03E-01
1181	2.4	0.1001	5.53E-01
1182	2.4	0.1501	5.04E-01
1183	2.4	0.2	4.56E-01
1184	2.4	0.2251	4.31E-01
1185	2.4	0.2501	4.07E-01
1186	2.4	0.275	3.83E-01
1187	2.4	0.3	3.59E-01
1188	2.4	0.33	3.30E-01
1189	2.4	0.36	3.02E-01
1190	2.4	0.3901	2.74E-01
1191	2.4	0.42	2.45E-01
1192	2.4	0.45	2.17E-01
1193	2.4	0.48	1.89E-01
1194	2.4	0.5101	1.61E-01
1195	2.4	0.54	1.34E-01
1196	2.4	0.57	1.06E-01
1197	2.4	0.6	7.86E-02
1198	2.4	0.6251	1.09E-01
1199	2.4	0.65	1.40E-01
1200	2.4	0.675	1.70E-01
1201	2.4	0.7	2.01E-01
1202	2.4	0.73	1.74E-01
1203	2.4	0.76	1.46E-01
1204	2.4	0.7901	1.20E-01
1205	2.4	0.82	9.29E-02
1206	2.4	0.85	6.63E-02
1207	2.4	0.8801	3.99E-02
1208	2.4	0.9101	1.37E-02
1209	2.4	0.9401	-1.22E-02
1210	2.4	0.9701	-3.80E-02
1211	2.4	1	-6.35E-02